1841
1 2
1 3
3 26
2 7
4 85
1 3
5 211
3 36
3 8
3 14
5 283
4 52
1 1
2 3
4 70
1 3
5 59
2 10
2 10
4 29
4 40
1 3
3 21
5 128
1 2
3 21
2 10
5 238
4 83
1 3
2 2
4 8
5 108
4 2
1 1
3 28
3 23
5 220
5 79
4 4
1 1
5 12
5 5
3 4
4 23
3 24
1 2
3 7
3 22
3 17
3 6
5 209
3 33
3 27
1 2
2 11
2 7
1 3
5 179
2 8
5 134
1 2
5 198
3 18
5 33
3 4
4 51
1 3
2 8
1 3
3 1
2 4
5 63
5 206
2 8
4 45
4 30
5 150
5 12
1 2
1 1
4 98
4 20
4 86
1 1
1 1
3 2
2 7
5 139
2 8
5 77
5 125
2 2
1 1
4 7
1 2
4 42
2 6
5 234
5 79
1 3
4 99
3 33
4 29
2 12
1 2
4 60
3 3
3 33
1 1
5 242
3 4
3 18
4 102
1 3
4 77
4 69
4 99
4 42
1 3
3 27
2 10
5 263
4 96
5 261
1 2
1 2
1 1
4 79
2 1
3 9
3 34
5 238
5 140
1 2
1 1
1 3
5 164
3 24
2 10
1 2
3 6
3 9
5 71
3 24
2 8
4 6
1 2
1 3
3 11
4 68
5 84
1 3
2 10
4 30
3 8
2 11
5 286
2 9
4 58
3 1
1 3
5 179
5 197
2 5
5 59
3 16
3 1
5 269
3 34
3 13
4 22
5 10
1 3
5 49
1 2
2 8
3 14
5 70
1 3
2 1
3 17
4 88
4 64
1 1
3 39
5 121
1 3
4 102
2 11
3 10
2 12
3 11
5 205
2 9
4 51
5 106
3 1
4 49
2 1
5 282
5 193
3 25
3 10
1 1
1 3
1 3
1 3
5 182
4 94
5 114
4 27
1 3
1 2
5 124
4 8
2 5
3 36
4 32
1 2
2 4
3 39
2 8
5 177
4 74
1 3
5 239
5 239
2 11
5 110
3 25
1 2
2 1
4 82
1 1
1 2
3 8
3 2
2 11
4 101
3 34
3 19
4 62
3 19
2 9
1 2
3 22
3 28
4 18
5 113
5 201
4 99
1 1
5 134
4 67
5 18
5 268
4 21
1 1
1 2
4 92
1 2
2 9
2 11
1 1
2 8
2 5
4 85
4 58
4 39
5 289
3 1
5 242
3 31
3 34
2 4
4 18
1 3
5 109
2 3
4 4
2 6
1 2
4 22
4 67
3 33
3 32
5 174
4 59
3 2
5 10
1 2
1 2
1 1
5 118
4 64
1 3
2 5
1 3
5 151
2 2
5 46
1 2
3 38
2 12
1 3
1 3
2 3
4 36
3 3
2 12
1 1
3 8
4 50
4 66
2 6
5 161
2 7
1 2
1 1
4 35
2 1
3 35
4 22
1 3
3 9
1 1
5 128
2 6
3 37
2 12
4 32
5 7
1 1
5 207
4 84
3 3
5 248
5 80
2 6
5 39
5 15
5 76
2 4
3 31
4 32
4 91
3 25
4 58
5 120
2 9
2 2
4 61
1 1
2 12
3 28
5 262
1 3
3 1
5 143
2 1
4 101
3 25
1 1
1 1
4 101
2 5
2 9
3 17
2 2
3 4
5 261
5 249
2 1
2 1
2 3
3 7
3 10
3 17
5 152
3 32
2 2
4 8
3 30
5 237
4 78
2 9
5 165
4 41
1 1
4 50
5 239
3 6
3 37
2 7
3 11
2 9
4 4
1 2
5 64
2 1
1 1
3 12
1 1
3 37
2 10
1 2
4 81
4 8
1 2
4 78
2 3
4 55
2 8
1 3
3 26
1 1
2 8
3 27
5 73
5 49
4 98
1 3
1 3
3 18
1 2
4 19
4 20
1 3
3 11
2 10
1 2
3 34
5 151
2 6
2 6
2 3
3 39
3 32
5 278
1 3
1 3
4 23
1 1
5 144
5 223
4 46
4 13
2 1
5 265
2 3
3 37
4 23
3 37
2 8
3 29
3 11
2 12
3 17
2 6
2 4
3 3
2 9
4 48
1 2
5 39
2 8
2 6
1 1
3 16
4 94
4 80
5 282
1 3
3 13
5 221
1 3
3 34
1 2
4 6
1 2
1 2
2 12
2 12
4 100
3 30
5 4
4 86
5 291
4 59
3 31
3 31
2 6
1 2
5 233
3 30
1 3
2 12
2 4
4 86
2 12
1 2
2 11
1 1
3 13
3 21
5 56
1 1
4 26
5 73
3 19
5 220
1 3
4 5
5 89
4 12
2 4
1 3
4 40
1 1
2 4
4 40
5 139
4 56
5 290
1 2
5 128
5 263
5 121
3 36
1 2
2 3
4 51
3 20
5 174
1 1
1 2
2 10
5 156
2 4
5 72
2 12
3 18
1 2
2 1
2 8
3 12
5 152
2 1
4 96
5 20
4 70
3 32
2 7
4 3
5 268
2 11
4 30
4 36
4 75
5 269
4 98
4 79
4 38
5 165
2 7
5 271
1 1
2 9
3 37
1 2
2 4
1 2
4 59
5 4
5 142
2 10
3 5
2 10
3 29
3 37
3 8
1 1
5 173
2 4
2 8
1 1
3 35
2 6
2 7
1 3
4 8
2 4
2 4
5 46
2 7
3 14
3 35
1 1
4 10
2 1
5 162
5 194
2 11
3 33
1 2
1 3
5 158
1 1
2 1
3 15
4 67
5 66
2 2
1 2
2 10
5 289
5 195
5 10
1 2
4 85
4 88
4 13
2 3
5 167
4 77
4 56
3 25
5 118
1 3
4 34
1 1
3 3
2 4
3 5
4 65
3 29
4 31
3 16
2 9
4 38
1 3
2 10
4 50
5 61
2 8
1 1
2 10
4 100
2 11
3 32
1 1
3 25
1 1
2 4
4 80
4 69
5 73
1 2
4 14
1 2
4 100
4 6
5 169
4 48
2 3
2 9
5 166
2 4
5 91
1 1
2 7
2 7
1 2
5 121
3 29
4 7
3 5
4 15
3 4
5 110
4 6
5 280
5 69
1 2
5 115
2 7
1 1
2 10
5 130
3 20
2 1
1 2
3 6
3 33
5 108
3 34
2 6
4 71
1 2
5 117
5 207
1 3
3 20
1 1
2 9
1 3
3 32
2 2
4 53
3 28
3 10
5 43
5 283
3 24
3 12
4 56
2 6
3 11
1 1
2 3
5 118
1 2
5 257
3 2
4 58
5 191
4 97
2 2
2 4
4 16
2 3
1 2
5 286
5 262
2 5
4 54
5 212
4 71
1 3
3 25
2 11
2 1
2 3
3 24
4 44
3 19
2 4
2 10
3 15
2 9
4 28
1 3
4 13
3 3
3 1
4 47
2 10
2 8
2 5
4 30
4 48
3 7
5 147
1 3
4 8
5 221
5 242
4 17
5 116
1 2
1 1
5 183
1 1
3 24
3 14
5 195
4 62
4 73
3 25
4 66
4 18
1 1
2 9
5 58
2 4
3 23
1 3
5 134
3 28
3 8
5 51
5 207
3 8
5 112
1 3
1 2
2 1
1 3
2 12
4 93
4 48
1 1
3 20
3 13
1 2
5 41
2 7
4 24
3 10
1 2
3 5
5 50
2 8
2 4
1 3
2 8
4 4
3 5
2 10
3 4
4 42
1 1
4 66
3 26
4 56
4 3
2 3
2 5
3 33
5 205
2 11
2 3
4 2
3 11
1 2
2 4
4 94
5 138
1 3
3 38
5 62
5 280
5 44
4 11
2 8
5 32
1 2
1 3
1 1
1 1
3 4
4 32
3 14
5 45
1 2
2 10
5 191
5 148
4 70
4 30
3 35
5 219
4 38
3 32
3 22
2 10
5 115
4 41
1 3
3 31
5 156
1 1
3 16
4 53
1 3
4 32
3 3
1 3
1 3
2 5
2 12
3 14
2 1
4 17
5 82
3 10
3 13
3 39
1 3
3 14
3 30
3 37
3 36
2 10
5 212
2 3
1 3
3 11
2 7
2 11
5 157
3 14
1 2
1 2
4 62
2 12
4 68
1 1
1 3
4 40
5 93
3 2
4 9
5 171
1 2
2 11
4 64
3 38
2 7
1 3
2 11
5 180
1 3
1 2
5 273
2 6
5 146
3 12
3 13
3 33
3 32
5 101
2 8
4 38
2 6
4 25
2 10
4 96
5 257
2 12
3 22
2 12
3 11
3 2
2 3
4 69
3 27
1 1
2 2
5 179
3 31
3 9
1 3
5 42
4 3
4 44
5 268
2 12
4 96
4 74
2 6
1 2
2 3
4 101
4 40
5 192
1 2
4 55
2 1
3 32
4 86
2 11
5 286
2 5
4 57
1 2
1 3
3 6
1 3
4 31
1 1
5 190
5 125
5 263
1 2
5 261
5 135
3 18
2 4
5 207
5 202
5 125
2 2
5 168
4 38
2 1
3 13
1 3
5 27
2 4
3 6
2 1
3 27
2 9
1 2
4 47
2 4
2 10
1 3
1 1
1 3
4 94
2 3
3 26
3 21
1 3
4 42
5 283
1 2
3 16
3 27
3 31
1 3
4 50
2 3
4 86
1 3
3 32
4 38
1 2
2 12
4 78
4 59
3 39
3 27
2 6
1 2
2 1
2 6
4 39
4 68
1 2
5 176
1 2
3 14
4 22
3 21
4 56
2 6
4 80
2 12
1 3
5 282
5 271
3 12
4 58
5 86
3 8
3 34
1 2
4 77
2 12
3 34
5 127
2 2
4 13
5 247
5 216
4 92
1 1
3 21
5 176
2 4
4 5
3 10
1 3
5 22
4 9
5 3
1 3
4 18
5 31
2 7
1 1
3 29
2 1
2 1
4 6
5 209
1 3
2 10
5 141
4 60
5 62
2 11
2 2
3 10
5 168
4 77
4 19
4 93
4 56
3 1
1 2
3 28
2 8
4 41
3 26
5 199
5 75
3 35
3 25
1 1
1 3
2 6
5 123
2 10
1 3
2 4
5 96
2 4
5 137
1 2
3 25
2 10
4 16
3 13
5 4
4 34
2 2
1 3
1 1
5 117
1 1
4 15
5 255
4 88
5 173
2 12
3 10
3 11
3 32
3 26
3 26
2 11
1 1
3 21
5 141
1 1
2 10
2 1
2 9
2 6
5 5
4 93
1 3
4 29
5 139
3 5
3 31
2 2
3 30
5 128
5 268
3 8
5 273
5 242
2 7
5 104
3 34
2 6
5 169
3 2
3 26
5 69
4 96
2 7
5 98
2 3
2 8
2 10
5 217
1 1
3 5
3 32
5 114
3 6
4 2
5 160
3 4
5 34
1 2
3 36
5 137
2 9
5 56
5 157
3 4
2 2
3 12
5 186
5 128
2 12
4 69
1 3
1 1
2 12
2 12
4 85
4 49
3 15
5 10
4 53
2 12
3 3
3 26
5 86
2 1
3 23
4 5
2 5
5 21
1 3
3 37
2 7
5 6
3 5
3 27
4 95
5 95
1 1
3 9
4 102
5 47
4 13
1 1
3 6
5 217
1 3
4 27
2 11
1 3
3 15
4 44
3 5
4 59
2 2
3 38
5 165
1 3
3 36
3 28
2 7
5 256
2 7
4 2
5 108
3 35
5 141
4 6
2 12
5 76
3 27
3 38
1 2
5 280
1 2
4 81
5 134
2 4
2 2
5 250
4 100
5 49
4 50
4 52
3 2
4 8
3 7
4 17
1 2
4 33
5 54
4 55
2 8
4 36
2 1
1 2
3 23
1 2
1 3
1 1
3 29
1 2
3 1
1 2
5 60
4 93
3 10
2 5
3 2
3 18
4 74
4 55
5 260
4 58
5 205
5 143
4 90
1 2
1 1
2 8
2 8
1 3
1 3
3 26
4 1
1 3
4 64
2 3
2 5
3 35
5 80
5 138
3 31
1 1
4 59
4 38
3 25
1 1
4 20
2 1
2 6
2 3
2 6
1 3
2 11
3 34
5 17
2 8
2 2
4 35
1 1
2 12
5 143
3 31
5 194
1 1
3 8
5 273
3 23
1 2
3 4
1 1
5 150
3 9
1 2
1 2
5 72
2 3
4 59
3 18
4 96
1 1
4 95
4 58
4 85
2 1
5 69
3 23
4 53
2 11
3 31
2 1
3 1
4 90
1 1
1 2
3 10
5 50
1 3
2 10
2 12
4 88
3 18
4 1
2 8
2 7
2 11
4 92
3 22
3 30
1 3
3 15
2 6
2 10
1 3
4 41
5 242
2 3
1 2
3 2
1 3
1 1
2 8
5 179
2 1
1 2
2 8
2 2
4 55
1 1
3 13
3 23
2 10
2 6
5 69
3 34
1 3
2 1
5 157
4 30
1 1
2 3
3 23
4 33
4 30
5 104
3 22
1 3
3 12
4 79
2 8
1 2
5 72
3 37
4 46
2 6
5 80
3 23
3 28
4 1
4 61
3 17
4 63
3 22
5 277
5 238
1 1
1 2
5 119
2 5
3 14
4 75
2 12
2 1
2 4
3 5
2 12
1 1
5 150
1 2
5 157
4 1
5 48
5 259
5 253
1 2
5 42
2 5
4 50
5 120
5 160
4 64
1 3
1 3
2 4
1 2
4 12
5 153
4 59
1 1
3 12
5 244
3 22
1 2
1 1
5 233
1 1
3 15
2 8
3 13
1 3
5 161
1 3
3 3
2 5
4 23
5 180
3 25
2 3
3 8
5 83
1 1
3 14
4 73
5 244
2 2
2 9
5 226
2 12
2 9
2 12
5 1
3 38
3 17
5 11
3 21
5 88
3 28
4 41
3 37
2 8
1 2
1 2
1 3
4 86
1 1
1 3
2 10
5 3
2 4
1 1
2 12
5 140
1 2
1 2
2 12
3 37
3 25
1 3
5 65
4 91
2 5
2 3
2 6
2 5
1 3
3 26
3 19
4 41
5 261
3 3
5 187
5 218
3 1
1 3
1 3
3 36
2 5
1 2
1 3
4 38
4 26
3 10
1 3
3 37
1 3
3 23
5 245
5 33
2 12
5 266
4 55
3 26
2 3
5 21
3 18
5 48
4 16
3 26
2 2
2 1
2 5
3 3
5 81
2 8
3 30
1 2
3 8
5 219
4 89
2 5
3 17
5 222
4 62
3 1
4 60
3 34
4 39
5 118
4 12
3 6
2 6
5 74
4 84
1 2
2 7
1 3
1 3
2 10
2 8
5 290
3 10
3 4
2 8
2 8
1 1
1 2
3 32
3 37
5 263
2 12
3 8
4 102
4 101
3 4
5 74
5 115
1 3
1 1
3 2
5 1
2 6
5 191
3 23
1 3
3 12
3 3
3 21
4 43
3 20
2 5
1 1
1 3
5 288
3 14
2 9
4 22
5 75
5 100
5 136
1 1
1 3
5 29
3 18
2 11
5 149
2 8
2 8
2 11
4 63
4 57
4 62
3 6
5 42
4 31
2 9
3 33
2 5
4 41
5 59
3 1
1 1
5 62
2 12
4 77
5 116
4 47
3 16
3 12
2 8
5 85
2 12
5 224
4 76
1 3
3 34
1 3
5 53
2 4
4 18
4 32
3 17
5 121
1 3
4 45
5 85
4 69
5 262
5 185
4 82
1 2
3 3
5 156
2 9
4 86
1 2
2 3
2 6
4 13
1 2
4 80
5 12
2 3
1 1
5 204
1 2
4 36
3 11
1 3
3 20
5 52
4 80
2 1
5 236
5 130
4 18
1 1
3 3
3 4
5 118
2 8
5 108
1 2
2 10
5 260
1 1
1 2
2 10
1 2
1 1
4 99
4 20
3 18
2 1
2 11
3 12
4 54
1 3
4 41
1 1
3 2
2 3
3 6
2 3
5 141
4 14
4 57
3 36
1 1
5 243
4 10
1 3
1 1
1 2
4 11
3 37
3 12
1 3
3 19
3 10
3 28
3 19
5 17
3 12
5 104
5 221
5 192
1 1
5 285
4 10
3 37
5 194
4 9
5 31
1 2
4 56
4 50
2 10
2 9
1 1
1 1
1 2
2 6
4 22
1 2
5 273
1 1
3 34
3 37
1 3
3 33
2 3
5 60
5 180
2 10
3 2
1 1
4 89
5 34
4 84
3 5
5 184
2 11
1 3
1 2
3 26
3 38
1 1
3 30
2 2
2 8
5 205
2 5
1 3
1 3
4 21
5 139
3 4
4 8
1 2
4 61
1 1
3 38
5 163
3 38
3 12
1 1
5 226
