4638
21 9730992
35 3021009371085
42 1480819693589311
21 7836566
49 767262082694600836
29 8052215665
24 224427387
44 8368748815065350
40 155869517711285
40 88063888699242
46 52846665910098016
21 15939429
21 11919548
40 172260619108973
24 196515263
34 286906314278
28 3696701448
28 5347327339
42 1615469960397144
50 16807055122091371380
44 3413497813075143
39 113529460783587
27 597114119
30 24457309639
35 2734059886322
24 141096861
44 4164424856883322
40 122169962955045
46 57697119371290939
46 33775223353425527
44 2011591249580228
31 81396122728
50 8578980096592118554
30 31494310303
50 15659106762864994955
42 1212169585161567
30 37589027435
44 4957178489289805
43 3858311454665690
29 17202771313
26 461400405
50 9336501103089926911
41 530500429942951
28 2967780228
37 19957632036669
40 210860813582799
43 3702443519305337
43 2646388600379153
35 1117792743180
35 1133642222237
50 3892262638617737557
50 8404030845976976177
23 43555630
30 26018647368
26 530463340
26 1038021694
44 2925799842382562
50 14059764327467920469
33 344815857898
33 470685193130
27 2828484497
22 15084118
22 33375795
48 192979074189277299
32 135803950653
33 549036753000
27 1770856571
46 17622470749651581
39 21653376069861
46 44022190339917519
49 281250933091461245
29 10229324597
46 56481351174988334
30 38732923343
39 46281697547433
36 4495830541465
45 9545836774964075
22 35288993
38 48203680555321
50 2845341661772837646
27 1679595044
21 13061256
33 274718380242
47 88632176413311545
37 5769130675327
34 1513204701513
38 36896486198597
22 17443798
20 2765322
39 86176288107976
22 23641796
27 2704451650
46 20370583489967455
47 59976079806699701
25 465611577
46 34816642476876387
46 51984584956332158
43 1468397662447299
28 1767498311
40 197623659675267
28 3879789859
43 955152454460502
34 508190610541
22 27526266
48 223044977779377085
32 75737399178
34 1208557242719
47 69860915235130898
22 34601550
25 443318557
21 13030020
23 50979932
28 4097643100
37 19239706089611
32 153844794906
25 309312040
34 1326240515466
25 331782563
41 489477664565202
30 40605544078
25 243900754
32 213260957880
24 169091929
26 821375985
38 9037724414112
42 1465518316943409
23 59441946
40 276841156805280
41 307718204082123
23 26262824
20 2841786
35 967115063275
21 11580514
50 2843575784706478517
25 497527073
27 2672464130
26 812808819
25 432200539
30 36057340439
39 38743244381828
21 3620976
42 1198034942500906
45 6562587787582927
26 562864202
46 53971120718599496
23 74556811
23 69037230
41 130542065386582
29 12932408362
21 8321457
43 2499407803531848
29 17158180975
20 1324074
32 47754270467
35 3025996065412
42 1738673222975802
34 283471756742
46 15105312329068143
21 9571891
26 469717984
45 13652530394740691
23 64181512
34 1005872305411
31 73789303390
21 15182267
38 14278313201090
39 95811837063944
32 217348951973
44 3650667018342256
44 6814735136923976
20 3690830
35 1322594907491
49 694510607018098700
40 160540768012538
37 19354041939774
32 255514462289
47 127061025513627785
50 3190475752826817764
43 3553306408207527
40 282201540154034
40 228387155606470
44 3575376000529469
21 6412831
40 261640319825882
27 2989604039
38 29175990897979
38 27680797730429
39 53725304150958
29 15601768712
21 12631624
43 2307542826942843
37 11037446832842
20 4641045
33 543595382878
32 169413309751
34 647667268798
29 4204692994
22 27984663
30 9756531998
33 112999157643
36 2116065997975
27 2947073572
47 61390808265599686
47 62423538609358994
34 572930112555
26 545395614
21 3214129
25 261404932
50 2247502713944850965
37 6810804196874
50 17844356051313493696
32 88111423619
50 16969794778128860681
34 340060459786
20 6481856
44 2750775641356970
39 107178343944446
34 599408220591
32 201993071127
40 132846225435271
45 14624099217146036
21 4026927
49 530033391605394537
31 51299534166
45 21011977537848494
25 409214627
24 140897116
41 522577489858014
45 7014138980000668
43 3917071348793824
41 222432260100218
43 738425783395928
37 6740560082862
33 552168874474
45 14776154603616693
37 8177560067867
24 52604171
32 155496604056
44 5606161310202294
40 231172604758530
26 1188316000
33 222877495976
32 228202866085
24 177572988
48 184537936260255109
26 971813829
42 711168213757562
21 10017772
22 36389685
24 197082942
46 25679001215838420
23 55246183
24 205445417
46 57685200098156896
50 8767990159629036430
34 475031286145
23 57565828
49 317836831125570901
20 6469776
22 23300553
21 7788313
23 21748502
43 849849987087383
33 619613740743
23 92832627
32 214697997572
44 3447207429709598
46 29260605287642128
48 113869512988320249
20 4249650
25 115981492
27 1007366291
38 50689994959639
28 5992413402
38 41060306705441
34 769335545434
21 3300507
21 12969702
23 20088738
29 9196004466
21 12381837
20 4548060
33 208908496573
32 223950371465
44 2092164338618468
20 1366266
46 44409849069241959
38 15278802948517
36 5351480326863
45 10428900462060321
44 3284839909153036
43 2760248174168078
26 522381730
23 54891846
22 15577716
20 2647440
33 616710166065
37 9250765093190
26 1219747972
21 4775159
23 28350548
49 520128799007961484
23 40487617
23 78530977
48 118700486294872001
39 66375230414179
37 7868965040785
23 39453530
43 2191823488722826
31 71081351994
42 1687752223821650
20 1272356
22 34729077
48 196121666569655070
47 125202104850368887
31 21475208421
50 5599427586907121085
44 4986661286415136
37 7413289677116
31 84727284616
29 13455251145
20 1449204
44 6042231506553567
37 21085989233829
46 23344474387879994
43 1230976693735611
50 4855957181071861659
45 16474689610175891
22 33305531
43 2632262696750842
32 159502892159
28 3708758353
49 437174904128567132
35 1671538891288
36 7052519629339
27 1362383596
20 3104168
44 7284621156310887
44 10100113220130039
39 51402784724417
32 257827068678
46 53090737153559616
33 220932845165
48 259476234920785436
46 45911214482287346
29 12335798788
35 1602636629346
33 549873978877
34 1188997602211
41 566940510819992
46 54297729774328322
49 769975356263669303
34 1170235466083
47 100671160759554055
37 19548562619983
22 15191418
31 88620884055
42 665983194165785
20 5641391
39 97751929678028
37 16224958257273
21 14592543
45 17024774334563312
26 1158863156
27 2345879888
46 17083928506799009
44 4634374574158083
48 89959907553278571
46 49793546764556107
45 11449470629923017
42 1297171932089750
26 677278193
33 437545764150
38 10410556570038
50 2499544140768419045
39 122649329905829
23 47927875
35 2741391250237
41 155426952017664
31 68056218668
24 116188789
40 261029623868600
25 386783510
29 8188666402
23 24630762
49 446281110290733026
46 25072884274055791
21 9910559
48 138738954218975706
44 4121778200931307
40 201046559158012
24 127036152
42 360459037307983
27 2891034957
27 2626840104
26 626736635
44 4442048562759281
30 18286376140
41 423989164264204
47 68448257389232279
25 465617908
32 171834462439
41 310957497421536
26 947884518
25 326409193
47 130083953405728892
47 96610990127384875
25 248182889
22 12901961
29 8693693999
27 900042902
36 8546812251136
20 6276299
27 1534230129
20 3429336
24 130832515
36 2787204787180
47 124133480933656455
21 8380001
38 34587434892843
28 4433715323
24 121539264
27 923493285
38 13848256431338
46 23220330848569705
43 2547073309036681
46 31878989147221496
50 16533115948274966082
29 3975028148
37 5203810242894
40 90951539035815
48 171772563474031141
31 82398450784
38 41945078985379
21 10254876
49 301670538850484729
44 9258586687907875
50 9267313374641160762
29 13689525578
28 2781551872
31 26007639348
45 10685670281303835
26 770506751
42 1073265840706131
25 206589090
42 599442307470828
28 7189857193
38 12724543405390
23 57060164
50 1838526142583077604
33 530783749092
35 930469270418
30 21775377853
29 10304812728
44 4514348612660616
21 10283047
41 267863652384099
36 6308493113102
36 7080041374767
21 8069949
42 803463455033088
47 85468609231865451
24 185290181
25 201931616
50 4778826430324638285
39 84086001871596
41 583075459297983
43 1678771407384539
46 16568024762631134
48 311195617469757996
36 7105864133416
27 1117924076
30 44547672470
37 19778510822052
45 21057134257613799
40 291851346492043
33 491351358886
33 198291083085
38 26723195949526
24 68203320
31 19603551162
27 1021629425
38 11168489770531
31 95195315924
28 5845167515
21 15433465
46 10436799265464314
48 155691120246063084
24 95302237
31 25683025542
20 4674523
43 883459263593798
38 17927666603662
46 51162003296416420
42 1633382387512428
46 48276032714005045
23 19327170
25 167995769
21 14800589
38 39343290713880
28 3133526958
46 37009843040069808
28 4742483668
48 206734690328462720
31 82304288966
44 5129174316807873
48 107318389973152983
26 981178103
29 16198606749
30 10408269829
20 3422347
22 17567860
22 16553781
30 9822346595
21 5122815
42 477432822491097
32 98086374385
21 6967206
24 154991437
26 793061015
33 130147385904
46 35384242003746155
49 442508358144272945
25 537495418
44 2535085405185693
41 387350341318233
44 3296457791833188
29 12432923347
26 830206191
44 9574279918011922
46 22599038121351574
24 160397565
23 43224732
48 195109192445533141
26 543950464
22 32363649
25 339436259
34 1041046626601
26 453172164
34 1402483281808
23 27838829
32 157662846160
34 1365181083467
20 5307079
32 70200380463
20 6089712
27 1807116051
24 122907182
30 12695218239
49 768728372385475982
42 954232741209230
32 80072840322
45 22298025729937491
36 3268570979542
30 25057235924
22 16170846
47 25863926794605024
23 27976729
44 3688884769052581
34 650344576848
48 168729827160454049
46 37203309745697343
31 45300236451
27 2958522943
33 289377955178
32 70018953000
32 140719151439
47 74658210745092186
50 3484037011115860672
25 417060014
49 689524922915654092
36 5280531889477
24 69423279
44 7593260333443022
31 92938135414
29 13890014486
38 22345933691617
29 14440617761
29 9295009026
38 26630151223190
44 5333895990089821
29 5242098268
33 602292189612
45 6054273571064287
47 141128447885803250
20 6337958
39 39119135762077
34 898950126527
21 14550713
30 26892561420
44 2710184105467046
28 4451183845
45 24242383485035137
45 11081968291336663
38 33667769889392
43 1436729074491535
27 1653218158
45 9688881791141875
38 43781235490098
30 30676307530
50 8218568658485449083
50 3259183197887742445
42 469461798752017
31 95944755449
47 124094127349552115
49 215013803775847472
25 477129746
25 262151675
34 395598956609
39 111795678311082
43 4167368291961270
25 227312314
37 14600572166861
25 94954130
24 78524569
34 965670561817
33 264631590880
43 1401005725031139
28 2037921046
48 169393957461389470
43 3009914513305576
23 64019117
26 1131857797
44 4711980620342444
43 3248816409045968
45 10733708800403102
27 1318343058
30 22212918228
39 43539421218692
37 19852341100757
38 49192889763447
36 2659362872933
48 289682320564672467
46 35772742985646850
50 13825242986631239741
43 4000570435228822
20 1344808
33 366518382094
23 91547615
30 12809415532
46 53694962206320671
50 3907339234180357173
21 9830885
37 17801146910925
20 5169443
28 5144969205
24 54236530
48 113168789595620584
33 402935905367
40 71159956121014
33 579101282706
32 92077789532
48 114334417697020139
47 110869720513136010
45 19976076846478874
26 1083202654
43 2463248610869286
45 8089575303835419
47 45256382732516004
29 5922549739
27 1167565203
26 872397637
40 149101743964600
20 1783010
43 3505182246724311
34 564420780666
32 186624955136
29 5045326270
42 442017596129992
20 3653083
25 173109617
21 10571037
46 42830113379808354
33 547680101564
26 1058735334
21 15728956
36 3718686120172
24 112018610
44 9464766501740800
23 86176148
44 8500436092926903
41 417581371860977
26 1192562767
20 2817480
28 4520819576
23 83813499
20 2526425
22 33473691
50 4345857316997969101
38 44148332143051
48 65825518803394340
50 17113545700801400419
34 403475556304
32 133657460492
29 6844012619
30 39243424471
40 118948885850700
41 683964952108159
40 218543857070977
34 282633179487
23 29970785
45 6536819754839603
28 2448486953
33 626033144005
42 358973654811438
23 66057881
39 57716121309823
37 10104055256019
38 51274676507508
25 298778521
39 86776724087475
32 245897599133
47 67737463017966322
45 6283436763927452
24 60141947
48 188648699406053432
43 2465501576553807
39 109825742674485
35 2677607957031
27 2789363778
26 462833831
47 83090451658306016
37 11365257836049
28 4772839287
22 30856417
32 150229672626
35 1530805195070
26 279298851
27 1613422046
40 188699634237805
39 45092834214015
32 98996769048
43 1536618044291872
34 627614673004
21 7480784
27 1315696992
50 4005083060987424330
44 5698303728138198
42 452755796977804
20 6151683
35 643324453834
37 11199979070655
41 281062591951508
50 10882838389981292278
50 7144573441359638098
37 17134928034050
42 1397828267833756
31 103397441280
49 431239321369415900
38 25956924701018
41 357748516888652
35 1859750822929
46 42009020966814810
30 25442995593
24 76079828
30 41980396665
28 6228371269
29 6875954184
43 3195919876853456
37 4675467526789
48 243248103706023735
31 51763938683
36 3885108811271
28 6115350101
49 599878554931124122
43 2221312788303672
39 57705083474582
41 650757620508974
43 1019353902221252
23 32039760
35 3266047774359
37 9415475641554
21 6837741
49 364416274981606033
26 791556233
40 249069691863035
23 31702146
23 38868616
31 43358998174
45 5373022790199373
40 281308606137933
31 47116450567
35 1858384910379
44 8428473101289572
45 19316326265616084
45 14360170654273892
33 333518010791
48 118437267263177654
34 1131764839405
24 79188680
20 1785305
31 74321036411
46 29062700900627841
43 2313865253027123
42 1644403417204092
32 215394259956
27 1255539471
31 53203927296
24 158808613
28 6368026066
29 17353610748
49 690682204384924270
20 4331110
47 122444486998600381
46 16535250634400004
21 11572090
33 170421679774
20 2776339
21 12850359
34 898391291456
41 143983982621961
42 748932672751206
35 1696862446647
43 3997837580381690
36 7495730168113
41 338517874585695
27 2178575896
31 77577264054
23 42037898
28 5502129615
26 418783644
25 103171449
20 2303938
22 32049486
20 1691152
49 832320101753067734
44 5789438053314927
46 42636210853459883
22 8672571
21 14406946
21 8362637
31 82403232632
36 7046204112575
47 113100351568162190
39 85898587118863
46 47185791135444026
40 92710574768537
22 18916640
39 109685485787435
36 3297247737442
41 484568744374842
48 257930908697467129
31 52079990440
25 437656153
37 6011178253173
32 223207793747
40 115225169749246
38 39022171733611
33 512196045843
29 5156296493
35 3176300980259
35 2351160708286
27 2445445596
44 8895589343234348
22 18009751
30 38865439523
27 828065138
31 85514935484
46 28855770847354455
20 6164666
22 26796594
45 20404499451253334
38 47754939573618
40 257715690792205
42 1710757710555322
34 655529826961
44 5853218650935471
36 7575272212601
46 37298344745843954
28 2437160480
30 24225108716
25 164337825
23 81182408
38 46715904136926
27 928812792
42 1154108188679000
33 575563096055
46 29750502565343950
48 260461667855215784
34 747074573696
46 46672752829001272
32 165159939144
43 2034566225044971
35 1796614738040
43 983266728667964
44 8772984222440725
48 127489063749447317
49 618002227424157258
31 80682131183
49 198707617676152983
45 8860177404607518
45 8014293309272499
39 106856530401096
37 16391386734829
25 508866889
35 2490899336264
35 3172828218580
23 67744243
24 104121211
40 235579118466149
46 31578482981579392
21 6569807
36 1875751099739
28 6023802833
48 124663008988287699
24 102641957
31 97254265512
25 199063953
24 198601687
44 1822928007814482
47 112434946659761831
44 8524009134681011
32 205878696421
50 5551185846887201570
33 180519132297
23 42433884
46 38712168737482902
38 30681560498967
45 21391048752395224
45 8778137270702954
20 4050904
27 592676596
30 20726232241
29 12173773495
43 2815176909246469
24 119426262
23 42581747
36 4361792590232
20 1486495
20 4345219
26 576347303
47 134712489453171992
41 518873351008926
50 1220044452789081332
40 105742153903778
30 23978639228
23 24061479
37 10278285947509
29 17438451339
42 1075892707950896
28 4440841167
43 4191162815554481
29 15490889845
20 3827945
42 1191015928602481
31 44771424712
39 35612649135326
39 66462542503269
49 286752922518288604
27 2898260482
21 4456228
36 7799032034197
44 5382283428839515
28 5078195094
42 384738928716309
20 3334989
44 5791695998779726
41 671096490834789
38 39689334579539
25 269839065
38 9957032890984
37 4499766378108
22 35261063
41 670353624756303
49 662029964274269553
31 105603706894
25 428886564
41 141313628741398
22 19503632
43 3981718789577920
48 136946743130717011
27 1486746502
25 353109815
28 7254549201
46 29994797848105101
42 1476025609900583
25 152905882
20 2194141
47 42180161415928832
38 42515936721068
44 2955218367504228
20 4475520
49 281389289386825796
31 71296251079
40 189532024335237
30 34449771359
42 901058543849278
22 27055639
31 42744723097
27 1257986559
26 405348726
44 7995093601505143
27 1531238799
45 19043054048880866
22 38424495
21 7098616
25 394007169
45 23471819377039915
48 156609316280356523
39 53295734873079
34 1378286773826
38 36902015494147
36 8358408896786
46 48350154942155674
36 5001645910894
50 1993153579514832835
20 5215881
38 50806201793661
38 48625304389376
43 2053021822019835
47 116522996174226104
32 203864765095
47 77635673870518360
37 14505032024421
49 315537473877418825
34 699533217302
27 2960795869
27 1818498742
41 399878381776907
38 30192681810740
38 50856645652961
40 66700111472372
24 90583074
49 787067096248070390
31 70592967178
31 106059837806
40 156356565108103
23 25584170
36 6645714825658
42 871105689484045
38 22977477268840
28 6106221694
31 101274758945
36 3171658098036
49 465026412549877158
33 473853486456
43 3155299826984202
26 854855662
20 3608928
50 18125118521893571136
38 21284022130558
39 120564964512653
40 166958540783468
48 97805293682045577
38 11148822863364
22 27211003
30 13093906095
44 10060335961186531
23 33178127
31 53494346550
45 18848720496944445
41 665890728417062
33 239662295908
48 78373202470167777
38 28917609015106
27 2756712778
40 229106869466815
49 827833763241465965
32 121156566967
42 933038229647532
45 23027469612863584
42 610343394768724
42 1619265542709400
43 2731554963913840
40 192031840466314
28 1751979469
46 15337615135357103
32 173308393583
36 2320879998276
40 221036604384426
23 69484193
42 1477825997062344
39 47022757218835
26 610134290
45 6210235965457658
43 2374408717453243
47 88923549587868376
46 24129789157597903
35 3651112636874
34 1422517719904
38 46580876400969
24 115455582
23 32066455
38 22142817502013
20 6314119
20 1525124
20 3156180
38 26166951796006
37 10351705486722
47 56258299844700518
44 7432732407281807
34 825095879596
36 3720939288164
37 18442964479866
25 434477680
35 1122705901854
40 141942875126660
21 10461143
38 14402039435753
42 387448552824125
46 46997956650528978
20 4658393
32 136971885024
31 43137002256
23 56177787
35 1317051783703
37 18179631148985
37 3926581553067
32 102287178826
43 1408316570799580
44 4887480031895379
20 5831185
29 6712944946
48 103705104738744821
31 21949217391
23 45241815
35 2382828132777
23 59230330
20 4287779
38 40407585634458
46 48756085340998256
36 7338666159016
45 23943974661693706
49 184244652117576425
25 362461856
33 563161713007
44 2497412965593376
23 30498653
44 8707890919555625
30 44527283917
25 150923409
36 6630699430245
50 15725443868442075108
34 1469248445309
49 694228704359488256
28 2811481061
25 413345431
46 35034330702029443
48 140172302276746782
31 79716675358
50 11604289210967880031
29 12041113784
42 317044567103700
28 4604484885
29 10351967310
32 158579428164
42 1131809128512650
42 1156465870213373
33 192316757567
25 458548529
45 11244758498921817
22 9013049
50 17876579029418242781
44 5602223262975764
33 369869932970
24 62753890
43 2066684304031589
25 518139759
25 97713429
49 629737183996399807
29 16485930252
21 13859007
30 11047176403
47 57936007604490947
31 43795374423
42 750172475345021
26 1286519590
38 40922571875727
41 652115052827322
41 139807113808354
45 15492328043160801
22 20744163
27 2581840876
22 10757505
28 7248047314
44 4559702425140064
39 98422240483448
40 84544272098764
27 2351081622
28 2521502936
49 548098641083663845
41 377550703558583
21 6125360
48 138929435259482873
26 475047308
35 722515180185
30 13702407822
39 79474904172558
20 2429710
23 23441156
29 10858540201
20 1900037
21 12814593
32 83148492686
20 2009401
20 2441764
41 428213583765079
34 317455128601
32 221623716325
31 59924718385
33 242951917550
43 1128719462658454
38 31057130296383
26 391957758
20 3566901
31 91796326800
22 37071688
38 11693592950485
27 2998281182
22 23407738
46 36588111604456690
34 1103698256267
22 35171068
43 3426812487591537
30 28948013132
50 16738885214173258163
28 2749026818
48 256402457471594071
50 5194721959530287403
29 13529914921
44 3607616515762288
45 10185574341241495
38 46093847419651
50 10252636544110137517
28 6211089045
31 57939623053
49 199396693730240271
23 62781778
33 110415403703
48 174904320767290157
38 20047557256187
41 194785487281833
34 1068570620882
25 490880900
23 21245370
35 849112290331
34 470869821320
26 566328818
32 241139613192
48 285076723972336645
24 155780384
29 6357322010
46 38957968928969367
46 55143941968121978
47 136859415840522975
34 913668638054
35 1396154568838
41 252842537597536
23 71506662
34 721812592601
38 45382601276758
25 427923138
41 148076220265400
43 2898880669946749
45 14897013153694324
48 153421974732896604
45 7584892356576588
24 135566888
23 90202768
25 119301791
34 1263156232620
35 970997043945
44 7829724252004584
21 15363448
44 7869121414408888
34 351592090585
49 505742939423437050
45 16594674628133831
26 690325328
50 8835789157236870003
20 3468060
35 2433555072124
38 49378504949758
29 12941047941
21 9007330
31 22534488911
24 117593851
25 157887654
24 198182255
46 36843109381786668
28 3821442240
38 23089024710184
29 12772108075
50 17817922308132014952
45 5035496909645756
31 61331364881
47 39809012935284598
40 154805862876896
46 47971494040794487
22 32601278
40 91472319204384
44 1884071202392992
22 19243000
30 14042064319
31 107307692881
42 1466035063694894
35 840777690975
43 3491468096424325
27 3080996126
49 784190393962223947
49 697652534175378960
34 963259566520
48 115156069744636379
46 20422158380321631
41 376611614994859
36 3262397941761
37 14411839449409
39 75389187151767
35 2655808849143
50 2516577858856048205
34 618782792139
23 65958877
20 5012686
22 37705855
22 28233116
38 9878222190031
25 149527314
21 6926002
49 425862623323196640
32 100867716975
33 468827746735
32 191352423038
20 3931162
29 13806702984
23 58904136
23 19121624
21 5310975
30 15552208274
37 18332573230359
35 966765700418
40 66855961985072
36 3884908308395
49 146657254222743955
41 621999774934398
20 4889999
24 179247434
30 43991487292
33 308503368251
20 3359474
28 1873883744
23 30984410
20 2100981
25 216315718
40 196659255417660
33 618985719608
26 293825255
20 4069501
35 1040690469906
49 714217064921540468
39 54987334287466
33 208158291309
34 489017961238
39 95360127260848
50 8899500629140717725
47 99723651808934924
39 80261905836391
26 981609199
32 155310790290
22 14618557
30 32485517561
46 23276764445279295
28 2266255171
34 907973755654
34 842480802068
39 82125018335852
33 566631440212
24 208768923
27 2662747550
34 838050101814
26 814490348
24 128542286
20 1279325
24 66103967
25 208354461
30 16974288328
36 3984339694315
36 5662524397312
22 6764298
31 52776609449
39 57598234756744
25 526421278
29 15629875573
37 13435403105754
33 384283862496
44 5517288854122397
26 640025857
35 1327155591209
25 235015132
49 229534436781841729
39 120483519660312
26 935703388
36 7872791857460
43 1277831813715409
22 22692235
38 37199355764243
29 14291677914
38 23714555523940
39 49715874929364
25 242366166
20 3218396
40 146155618577901
32 68997707945
39 104370943222713
30 12347139932
31 80481609519
27 2594250166
27 1645331176
39 46368324173814
40 272016366841233
44 9396526354565252
26 425261697
20 1713847
30 18639092545
36 3930168659749
23 75923272
43 2834367693471389
48 327952743730555794
48 218827507625383301
37 9811107592031
21 3178532
49 540908478002293124
37 19928505031601
36 3644221736231
42 1059724611594757
29 15669988260
27 666062058
29 6646325606
40 114489189019576
38 19585970035384
22 10068594
47 33683319000951418
25 289924393
28 1687990796
33 603861497314
24 40987825
21 15590377
23 75620543
28 4222233089
31 79465791544
29 8008527888
29 12409899913
48 211745834029815824
47 112019934522418442
42 1292414282255729
45 15565740576143971
36 7690147675834
26 955679764
48 111938998365426673
43 3154493487861407
43 2245091235613507
31 41282800100
47 125356043456899033
42 698703096105846
37 6010610570525
23 90611465
25 436183255
50 16249436527882981408
37 5844471593517
49 615561676402896497
25 348788130
29 8895521038
39 34679659636515
44 3013454498163646
29 12438112491
50 14728684028112300678
37 6524801264355
23 49634984
49 582255378419019672
49 414746209384508317
37 3746188915933
46 54409517323962608
49 252829902532689513
41 653173229237917
27 1788100685
43 2066926823323317
26 618861830
24 220157954
48 215278508753298124
36 7917280429742
50 9088207843149161121
33 530825299006
48 281244067530211053
39 83135122390639
20 1666043
40 204500325105785
48 313781474919376436
31 77607122366
22 7408843
27 1013737862
32 226628631318
33 120396680013
20 3919275
49 406929722212035290
42 1537670318948990
32 98803033509
27 2402582105
44 9138024374252979
26 1064692908
25 462281384
44 9519709689416122
26 892673477
35 2129035438879
20 5202877
27 3089556345
28 4342622902
35 1713452303464
42 591509176840790
37 15220920333086
44 5923257179334583
40 94123510428158
39 64132038913122
43 1264339901372365
35 873703759186
36 7503552563921
20 5111468
30 21557977786
34 360312658035
48 122516206562503710
25 433285567
48 313931232713049390
39 97758509165537
24 131922009
23 25576967
23 47982730
24 159996793
30 42075702536
43 3713507984079261
22 30193719
49 461929832576401695
48 280223795850584992
32 192037911562
41 393170417080261
24 151484383
40 213976760823442
20 4212792
50 11719403890875293152
41 617802823809994
41 535954625045292
45 24462291632199851
46 33171992019507669
20 4197106
27 2971069877
31 52602165584
28 3829807759
21 9110326
30 26797178297
38 13413057691370
21 4066668
43 2615043118982977
31 77488488649
41 669623152759321
44 4743594937497423
24 166638410
24 180242764
46 51739798695888286
42 1082009789542042
41 643999856593634
40 78230941839072
41 398156010654488
45 4476739864925817
22 21029303
37 20834244745583
29 3545214228
22 19445112
26 1140817610
47 26772172031073485
38 10803515563622
31 52392906709
26 957776179
29 10441555120
43 1643974826961045
21 9839843
37 9420288365381
47 111190650002875022
42 993541762984184
29 10030283909
44 3672375161153810
50 679603567908039339
24 199186269
36 2187714102560
48 94299947435383031
24 50881744
26 951366112
46 49721179460407467
46 23364478780905337
43 3017540721429646
44 7794353943775124
46 25979318776778040
33 224216418205
26 481261223
48 285380543814415146
20 4474536
29 11682469577
27 2997015161
21 15619359
31 57697217024
20 5584187
42 1068692673543018
21 15735196
47 98231829541981565
40 144277216948699
48 101083484471263438
34 700753951940
42 876284765363801
43 1640764887736746
32 232998217022
45 24508946859597346
32 188253006000
26 759286652
35 1213509076494
46 46623042587139508
22 26235020
45 19622916469684544
41 295179640580405
50 16408369048148576468
50 1565109611155998250
50 3876683628131765197
35 3011797583079
33 290460669301
47 126921618679698781
49 536907490006585383
23 60912880
31 46620777113
49 265696592714328106
48 88645179290940194
33 315031118948
20 3677803
21 15691311
40 255110575331508
21 10127458
43 3099341074283775
26 429598879
27 1911130992
43 2523153543372597
29 9652196033
44 4066211237376954
43 3153118855096991
38 9728578901527
21 5199996
43 1518462442884881
21 4680611
27 1391899229
27 1131631322
20 2314079
29 12573310758
30 27563284219
28 6227702756
50 17719121806757619447
27 2370877947
35 761646023181
23 30620606
47 129646141416393076
30 8136129135
43 2755607506578063
37 9625713432448
49 730348657505026039
26 755202334
48 281995097518462634
23 20058063
44 2023165075797336
37 5001567160287
20 3049489
20 1730644
23 57871283
40 277393262337378
28 5334933741
41 129068535159714
45 16626257938927491
34 1198336168594
22 20526104
49 733688064383609449
34 1235231393800
25 433209840
25 331176490
43 2738369460416521
50 4142662841282576127
27 1388976869
33 409516282724
35 2906400284059
23 66334338
40 77504993638158
23 37349479
38 33663880073375
45 20611693889075760
25 506251439
32 196219647187
49 592529945910860395
31 49163986678
49 175977192714266035
41 287834829730752
23 21264211
20 2981455
33 325944239130
37 19486252524140
30 10121529316
39 116204756878903
49 527675858738073320
42 491739279815085
39 107899213260874
24 108857145
28 3268502454
24 126061368
48 144633539949251219
42 1545963587345575
27 2763825958
32 219623321425
44 3405730070778479
23 80404476
46 28920920586001043
45 14489955385007018
49 834697781828002554
22 19087226
46 28062272731318369
23 83450493
50 4430159447784915736
34 1512134503944
27 1974480594
32 177758939630
22 24941023
40 148916240947667
28 7439847062
20 4794118
36 1612431932110
47 89574047557218989
26 1036334573
44 7733645485197753
32 258334950617
44 3805816866813902
20 3910979
29 13244964742
25 256412684
46 44332311128748155
24 150666801
49 497354782150838203
20 1452616
24 49745298
34 1251126392769
48 257467911427637167
32 209170125382
23 41484798
21 5554001
48 187025440330052540
31 95189663160
20 5149680
39 109832389735121
42 313324970445125
29 4925005981
45 17561916413914187
39 53238753916488
36 5561512063311
23 29962902
50 2402637527088066708
33 572507449509
25 168177352
21 11897674
36 6492400616455
28 4249341889
48 104573717670163106
23 76667442
29 15805938534
36 3769571138838
32 178348075044
22 35998859
42 1463897396148333
50 15082550968066974387
50 3059785520863452241
31 53895688003
34 721000067634
50 10075718804954421052
25 430148134
36 1620704107075
28 3224138324
50 2114887104376410775
35 3033458373830
39 119498106740356
23 67258920
24 183731306
48 201393689711508076
37 12204615310041
32 122494737689
30 38051136721
34 519791612733
28 2834369943
26 678792760
28 3804809109
39 57977429627104
20 5326604
38 15135591044694
29 14076542037
36 5194208349782
49 649028982950104658
41 658019183198514
48 296102306049987351
27 1159709624
39 53972056000149
48 176528333764580922
23 69813786
20 6294670
48 263531963708066187
49 555727338367173304
50 11759818003960024377
26 982570805
42 1587711756107433
26 247087039
35 3630861537350
43 3246593615720433
21 2889550
29 17126165322
23 58689054
38 49600405225067
46 37403635557008873
44 2387960836962382
43 2462645127308430
47 31522046491570497
49 287591499821353028
24 59000794
42 930812847845005
40 264346190238559
29 16986366871
33 232411924120
25 286081655
39 93049605729606
45 10169147491760973
45 23540321547126606
22 32780170
40 259101523923244
47 71130149944035571
40 150102560056159
29 7801740811
40 276733768986583
39 69058278949794
45 22838711023090899
45 23838060479686691
48 89215837452502333
50 13073287117030301736
33 555759550370
21 5780619
49 821484867196628100
49 733248292890620820
22 17450217
49 155347593335079202
31 100800093728
45 16958697904790636
50 10422796388297691282
38 47914087980406
34 463622609597
26 1245057088
47 140580396594708908
39 53023099397347
29 17895370761
45 23568563267572459
34 1445117684792
50 5344846644483835009
25 204722374
24 190914473
22 16938705
37 5641429462410
26 879199573
40 59384460367433
26 607747105
39 50215051493088
46 54247459369109007
25 335069252
35 1290597134743
29 12198451765
28 1474905407
38 30257958102899
36 3066762865376
24 133951541
27 646702066
46 42324784532678900
25 218578058
21 5437762
39 46590407220915
22 31969989
21 5507432
32 106715450918
47 74286920137427564
33 357909743762
48 201101008889579310
22 30713800
33 277727581940
24 53735032
23 49019217
47 62085276691926695
37 18439452558280
47 71417138574415268
47 110766338695304162
45 18927156215290443
21 5692832
29 16770858963
48 65150092685066786
40 155616025528180
40 221954082936547
37 14849948438141
21 11014921
33 221585897897
47 39537701537345393
47 72716378849474885
50 16304688937699530485
47 134458983107859493
26 225378215
23 50596690
38 30144688829963
44 4603785510108914
40 216365297521327
21 7588594
50 15935106022948012143
36 8525673357266
30 18248275459
26 969645610
24 176706982
30 38473206180
27 1908025018
48 304253319303465353
32 46092321030
26 259113263
29 6650860583
21 10401593
44 9481800385084063
49 272506324429379094
26 1190084402
38 34243196993269
45 9414744047634682
34 1433541474548
36 5104413483896
44 6854975335238106
44 6437604334004413
38 37477638449443
41 182856615540293
31 41201413450
28 1552130595
49 246634217289831895
41 174471981006864
29 15853205340
31 87899683494
45 7818982444663180
40 60102165347020
44 3368851286689543
30 37443884420
41 320673810042836
27 2945825903
46 29477174402890547
24 95048916
44 5341017402479037
34 400112090682
28 6197575612
38 34848457919553
27 1849374662
43 842620002282556
43 3290348685743752
31 38871007850
50 15255106848782022247
21 11326974
32 191829033135
32 246341708403
29 13286105508
20 5731505
45 20380351668004053
36 7018274395553
26 1103675423
29 9454443140
43 2895710150368107
21 12634536
42 932546888638449
49 404876604120460996
42 616713363460577
50 903224592141608584
46 46134622488295251
32 170703866998
24 180674437
31 82122661235
23 77347473
39 75524677032355
20 6041995
43 1678017069142691
21 13598910
40 102334297350349
32 168809402243
48 261964757714848628
50 13540184070427023240
49 493480570333424563
44 8722833117673595
39 100346571207633
35 1033954808608
35 1355032519776
44 5846883387805115
29 15637994523
38 32159674257238
45 7838077947070941
50 17869290181569146346
29 16264963537
30 41303349682
44 4264179818404589
41 483407495139379
24 199441216
47 112407023154338875
25 451403380
36 2096409640276
28 2999726192
43 2545832253576944
28 3049328723
27 1490843008
22 31691660
38 47811987669830
31 85507668055
23 42851226
40 214103995304120
43 4037066403270410
45 14396323676705123
35 2161978814361
28 3153805811
35 3652678913070
27 2890575086
33 471959787145
23 67795213
34 450220422966
39 50985512667984
50 15932850162058133787
33 496320458229
36 6148512635113
20 5399998
38 17883008177338
32 154336546244
33 320102824521
40 128896285260647
39 26763577176840
20 4995000
20 1990945
25 419038986
33 182059396596
42 1381772111419431
47 101975654590560357
28 5696286816
24 118346042
38 23175939790546
40 77348661790715
38 20777956744638
39 111208236629983
36 4858123931171
30 14956368084
29 7854611279
32 90412329348
50 17442893300759071966
44 3838285601505623
39 117648754759153
43 2325818640954741
45 23050430351333685
48 165217572112868854
25 267015737
35 2308527293355
43 3454918249373817
27 2718142130
31 67481627862
37 7851736054473
45 20389653635850161
39 110938051807505
26 276940096
48 254315627166406423
35 1406825531021
31 83430934977
31 97623226693
37 8561559134227
28 5094270763
32 179746766152
27 3031629075
44 5159148406534158
37 14108943233294
30 16286079547
28 1607757996
36 4231499727258
34 1096149097388
50 8586328430486222647
36 1868118580764
32 174848581109
41 518362205014105
28 5767989660
36 5537536740775
25 113527975
28 6820689958
24 118240666
40 226814001634959
46 43380757502489257
49 512846160277111696
21 7589044
37 5952975589188
26 853905755
49 385655017028012107
50 1420832098046272610
29 5498668730
22 25055506
33 347242067267
21 6299407
37 11020484763664
31 60291992968
43 4067317871528215
48 241968141555014804
21 9330369
27 1456718160
29 4082336196
46 15505159953898940
47 118801751268267110
42 1171487350005714
34 1157491706647
49 277591931165400425
45 5850489523623709
35 1369925725189
47 117424220978952170
26 265311693
39 116898709168527
42 1469766196867666
31 44618879006
48 190618075576783363
40 136955596317572
26 528274352
40 239175672201775
42 323683950494666
33 524196700057
46 47899165603343854
22 18477988
28 5681437057
40 277475365046065
37 18605452136607
26 588624168
44 1852643400642961
20 2724219
24 188593741
40 295487276222616
47 80744513192573661
41 317203027733896
24 64106585
49 249609971108460784
23 90192626
32 178459023083
28 2594213588
27 808544631
28 6493411524
29 15999858395
47 141392788306012810
25 494370505
20 3467735
27 1206328511
25 465622443
43 1236866999457611
35 1160028642278
50 11383081659907092882
20 1540071
23 91673559
21 10618018
43 1960975403925661
28 3585136778
50 5762579435646762925
25 504473318
35 1377044359266
46 48764910901062975
49 399591802735704817
43 2619365528330436
35 1282517122199
40 183314724475130
34 1372868028558
26 671746403
42 1147887784305140
28 5929301134
22 20102509
38 19625651391727
39 33517865284010
28 5340882503
30 9650791330
43 2627065221578450
27 2452553870
43 1564030139690981
50 2421481819178589904
39 37213268368800
42 1205809399760903
36 2166893430080
40 194134916816269
39 49149336320410
30 37654696443
30 44518010992
24 172947447
24 135556399
40 84335514486084
27 2231374566
25 347956718
24 63408780
24 88286929
20 6623860
23 23592230
49 269414795511253934
49 656322061214264992
30 26939025828
32 231648987172
25 398866941
27 1275460055
43 2932352995862476
46 33994077990262006
23 47765241
46 14541559104314029
31 44338962887
45 21704709453652760
40 51996277588483
34 1085459575053
33 156295766066
28 5668485524
48 282869826123304391
29 16828776495
31 34597807815
22 20190595
47 132204935665331488
46 40865924428444396
45 7628109087281859
37 20076158910317
28 5946264440
33 467535130934
45 9114693633145030
24 45396835
38 25591393134878
38 33297309164023
45 10231400346126014
32 252570347263
36 3334646312890
38 25521296188001
32 162971703708
27 2392024146
20 5508498
22 26602134
30 9495335443
44 6523597314216488
30 39550101545
48 107768249642363638
37 5750906996080
21 6110212
36 5619605315924
29 4990653696
21 5570850
33 489651625401
43 2890520702291174
38 22545268153800
22 26635290
25 256223090
38 18124422352121
30 33512452676
45 15835207980335346
22 37739686
20 5463291
45 14851985725767382
41 270449257088188
29 18266584866
49 457340515152090101
24 129787022
27 2015217851
42 572551978418746
33 460723510497
22 33908596
35 2561106782556
31 46747015155
34 720229280593
25 114971817
45 11666161908672722
49 558781687161015342
29 11085658563
29 4877547412
32 151960216686
30 27283418396
32 62173811913
39 48556836950207
34 836192273327
43 2064898900395361
27 2814091685
27 1367657193
25 321163837
43 3272674710084794
37 11624559850286
29 9984427754
30 21265376154
40 294372052192870
25 536974376
44 3758809807169388
29 17868018569
41 335919517153572
48 345094189143932689
32 66732798029
33 297751003098
35 3147122616943
35 2737927257912
24 135015763
30 40684475758
39 65461606856230
44 2915681159334260
31 106476667015
37 20379175780054
50 5366343785241259096
26 469439207
50 11876867619971623182
29 17007052233
41 527852420470071
20 2909457
36 7099488431437
49 487518137610852839
36 5073399271094
31 96331400134
20 3094610
31 101753527325
50 17548447158465197028
38 20318460771625
22 30010775
27 2706713387
31 42868256409
21 7352310
46 53531150289758410
46 43213191683086218
37 10562208749131
45 15051193999086029
50 14161781289097491625
33 556695932060
32 122915210716
27 2369365188
49 464418177268617121
24 175882606
22 19794430
28 2528418727
21 8063951
38 20709496629290
35 3266622487456
43 1612436502565246
29 12974212978
44 5091839856054857
37 13400962633972
50 7698017060580845750
50 3225405471238748137
28 2927821451
47 25077317131630005
21 9790462
23 91407566
31 58411669143
42 604914679158939
32 231547729995
48 188450079975149881
37 8209886979221
31 63978836538
21 9564122
28 4992364236
28 6539848506
49 179826598651691153
31 38173171735
36 6469852669608
50 2919584820856893863
39 72286846769933
41 664931045044025
34 1063055222555
22 21170173
28 3281657367
49 520270898902985847
24 62931956
38 37660915912852
34 1277312270270
42 828820004015253
28 7235193798
45 8526787047861963
40 85467050401252
30 9149966420
31 76332047100
22 10294126
27 738210198
33 285689593161
39 104887154519502
46 56804888289535874
46 53946540041652840
31 43913070090
39 119226892544547
23 53352934
43 3113842704926010
48 238951413005987545
49 390137173843588216
49 308187668426315477
36 7574517955645
49 159260546255890035
22 25773769
35 3219362280476
36 4564863410521
47 63409579476735526
38 33622797174711
33 130835990248
22 12691597
48 314638622000203020
24 213252208
36 3167206528740
40 116720354878494
43 4021632916274877
35 2948800140770
26 1183707773
29 11642171679
49 358688554143947610
26 384491393
23 47201822
31 104196078648
30 26024980782
24 168358619
43 1821259484114423
50 3269057363796967823
23 26891832
45 10842530387355116
49 713991965942395269
43 2385149456786360
48 195887980862370872
30 28107736975
50 9723958255912165819
46 42648191327263857
37 21163514150716
50 17381607199736968865
21 3878239
34 826869311966
30 25183139852
27 1734253391
43 1603796343263402
45 7879998242758083
34 1318778810382
46 58992556870645544
33 143591884503
37 10272901291407
50 14911697394363438905
27 546922275
28 3909401007
20 1393350
25 216483192
35 3359024985788
45 16918243663302647
38 35354813811835
30 43523031431
44 3922664134198163
28 3401076905
25 162675831
30 18357386966
25 143277352
39 26232966723001
36 8278678166821
21 12022922
34 313367128933
31 23074296649
29 5377694613
43 1001457136065572
45 17333907606010572
21 9632499
40 255918352729608
22 14816413
24 154279009
24 188438900
40 108564447346550
43 3444038647028604
34 1447878822195
22 36733129
31 94932516758
46 39811867191232429
40 104080781319159
36 4506607653125
26 1293833984
50 14757373067398130740
49 273818753468593699
20 6087583
38 46388473716771
28 5631246526
33 546253147725
29 12950875696
24 119314400
22 9985746
45 20036639898213488
37 5301372979475
43 2825990708793788
32 215824253957
30 40760113977
47 125227243049268544
32 58077785776
24 172974456
22 14829108
20 1299347
29 6159522651
29 16725924159
32 81228854945
48 74970795251258900
36 1626255227483
28 4684850065
32 254384260458
26 296414608
30 28662543408
27 1365410739
23 29990398
20 6393884
22 12814645
29 11396151280
23 39798139
21 7506788
35 1371416577593
24 53636543
47 47138897201236797
29 9892495512
21 15900252
36 7127788572033
28 5869328699
24 149464654
40 142084034180254
25 413207132
41 664611454698368
24 46849884
24 72604271
21 7280631
20 3791666
49 436988733136939740
29 6134439314
25 382365726
39 80537274460376
22 30800623
21 12572600
33 173849431545
30 31177162802
27 1034692490
32 104171827503
48 203773840615726090
20 6365237
49 319212831835213414
20 4181584
23 52232317
25 126350997
40 190607984474026
34 353799227386
37 16132955824243
22 20199723
40 191340129404768
27 552564983
31 53697240812
25 159832352
34 474893263458
31 39186232818
46 55597449784648454
21 13654594
36 4587288262663
35 3144860027035
33 239500913594
40 215595828081333
30 37114202361
41 614419460957034
26 596862075
26 326435510
38 45361784339200
34 1438600852866
41 340329525604588
46 38665367725815492
30 10827346835
49 273375035901897746
43 3958458703717429
24 141482809
31 31537122054
31 26175393694
28 5735999036
36 5080656172878
30 11149844739
38 21151556495437
37 7046458925683
40 90939460091224
26 449268629
36 3220524001887
50 15546838042208275258
20 2843681
32 251690721886
50 10122713731859411245
36 8158551434802
38 46586770589872
42 404864222638259
48 287597519752311537
45 23351248902106203
50 4120129434672813223
34 756894856261
22 6667198
29 5867598928
50 1957096831820086013
46 32349173898444131
37 12676907175596
24 96062838
39 82298589163935
39 55440855916560
22 13226607
41 162533188872342
34 359982226902
40 194180767510353
28 2379455481
23 70570664
24 178072101
40 59428992371356
41 696164099917573
46 44070003760751766
21 7512616
47 53268206418278249
21 15661299
34 583336556817
49 318693954663571544
40 204950835358635
26 705475491
38 10201884128365
48 291867733395144728
35 1064239168316
44 7417824686078690
32 184471023451
47 130206997877303400
28 6387048487
46 14019389500731184
28 2798639319
20 4038479
39 27603177371271
46 14063275125175633
39 65624149350849
20 4042997
50 17391604198780758137
42 1465505266946610
34 306829974381
23 16613824
36 2988090384923
28 2152350897
28 5677375861
25 105516050
32 222539012247
34 878451648192
34 1185567766477
26 341539724
49 480343032597049906
39 54564298381637
42 991091434078612
22 14052028
23 29077030
50 12826518819060196128
47 29214136790409256
35 726914968170
39 99835938644749
30 38876215050
35 2443505415968
23 18269132
50 13444079560978425423
21 9697631
35 1238929786313
31 49849271210
42 1136220230441117
25 273809998
26 572330192
26 304065132
35 783355869961
47 71820123353697825
35 2920111414054
21 4584514
40 178735494239395
42 676134410812372
29 5123444252
23 64981071
27 2212092310
24 51777120
21 7952293
38 37511703844014
42 1441274562504722
37 15220321814336
39 27600097049313
22 9704582
46 30004901921435008
26 329939584
31 90561631245
31 25885036324
39 102474153506270
40 262177030253732
44 8581894303285261
32 258840656810
42 685690126173316
42 409133570702592
29 15665504463
23 56731415
39 52293829288272
37 4901666410923
37 17497962841919
47 96679040293462773
43 3884684713403849
20 5221026
46 39774038753415122
27 717633228
45 18518426879364003
24 53446860
31 47265224388
26 1062556876
48 164845463522824495
21 5491805
41 327778438278542
28 6328809149
24 205136396
49 652045928704725521
27 2896679417
32 172230227357
36 4430718605555
30 24070903632
24 145906876
20 2836860
36 7758293498899
50 8771458240329751344
33 134684923492
33 270784951026
39 24067411296914
22 35787669
34 1072383136120
41 131910628612429
34 656333032021
26 377380957
44 7123778436293919
50 15690792898083645668
44 9638743969063068
46 54005351201314397
24 128619693
21 11213408
41 583157682812882
20 6199575
31 65564085891
21 11764000
43 1858587727616195
46 41596080516071246
35 3112836771892
27 3087667325
46 11265892322786474
30 29484187975
28 1401490139
35 3530956285534
43 3562806721906103
40 261525405430703
50 13065068589843700441
36 2273222087515
32 165853263693
35 3129592993470
24 205623399
43 3326174826293959
21 5132613
39 33661490790482
36 1570782935369
36 5239521739018
21 2777714
46 28248768494084662
28 2274673957
22 15412507
40 196507653644201
49 768795089384646638
31 101197954299
49 283151675865949272
40 142042268591794
29 15367231223
43 778979397242830
43 2411128630233850
38 17373402447297
33 355532172924
44 8927136426000717
48 224687203401380730
36 5308513075751
44 4518257126806126
24 110602257
50 1419731956755430310
46 23147624237289463
33 453186558461
41 551023282141267
38 46744862530331
28 2825099502
36 6009830258689
32 57958373200
38 45227105736910
25 322517919
37 16479764475724
50 16304291930576516989
21 10562903
23 20798615
45 22276513465815064
28 3825974004
48 182145647658587993
44 2814113890287216
26 831133078
43 1818680818397001
25 95744211
37 8686919578525
49 472120631229820953
21 5201651
20 3049366
39 71547244662813
35 1949852562242
34 464611603210
26 715328745
23 43219831
28 1514952043
23 58941756
46 11616350445336432
46 55809051772060720
29 9902363167
37 7783187634303
31 56586081371
43 3479606128718558
47 25207497688487289
40 167550464337901
38 30512041666209
25 294914428
27 2064286137
39 85304538961555
35 969809090503
47 41651005271604062
34 1049154234880
21 5799559
39 65111225698766
27 2730784612
50 12482662889471576649
47 119632728298545421
35 1713435728909
22 8125129
30 22390653325
22 24397233
32 221484666973
41 185889627474120
31 107255159118
50 13623294600348152060
23 51340544
20 1638571
26 489213817
48 147398690504873218
29 14736646109
43 3127009360406898
50 6366222205242672243
48 280483753860836895
43 1771622304945321
46 15389234622334367
23 87959399
31 66001208876
20 3612869
40 159622647518898
21 12182463
24 101495484
24 203522547
35 3558445152392
47 39973019775819922
41 641466660020070
47 70471853586848361
39 52951340552688
27 3049216792
45 23351162432691308
45 14160725005820049
26 273996533
36 2479383849603
22 14883937
34 616578733475
20 2430941
44 5134000392227821
21 6253784
49 532827274758142303
27 753723794
46 27437770638697593
25 118570105
36 7543586390915
21 3551278
25 496043115
33 201377286732
25 195154730
33 512783104861
33 515920757952
29 14867905339
36 4454002342063
35 1513289022940
31 102682024286
40 218830311239427
22 11414109
44 2649477966951935
30 9475794885
42 1108922800093936
28 2671823692
40 269818931283088
40 63365896282949
46 32909377978140018
36 5797402652397
46 23875753107676180
49 769851419661940935
43 3893778855001427
22 21842591
28 7074675492
25 314123661
41 345545895405171
38 47380481069715
35 1352576317297
47 113609720076296506
20 3987766
22 21013110
50 7010183839874823965
43 1242941366299556
33 180330572422
48 178891295239810938
48 323715762643444620
45 21333801845822795
44 8497736568332674
28 2164129251
40 233313338753211
50 15323377168579961358
36 2896933429700
35 1361939754166
25 135744822
40 209407862699634
48 71947048390311170
40 266440677353566
47 125539303163799635
42 445246359807899
29 6223220231
26 799567412
35 2647003168395
39 49173475600039
45 16568716735644716
41 378765707976061
36 8280028226551
42 1609727989905130
43 1185600494003575
30 33785708088
42 1081890512756033
34 1487875483663
43 1537332662882792
48 299402317970708596
38 31249240197759
35 1454310346154
36 4363963054332
44 6699175738676654
29 17420102049
21 8127068
37 20236901473233
38 21431764183156
21 8971626
26 273000894
22 32409289
21 4597681
30 40640380678
23 68746495
21 4827300
49 575649738115395241
38 37905558902391
43 3488584377784203
31 78323690236
44 6765209311958568
22 8639304
35 1954407717806
28 5276980699
41 411438672489895
24 89704130
49 530504120671425434
29 5436494325
37 18051057904518
26 374838204
29 11821325479
35 2964371072936
44 4624601227478737
30 35695441647
45 21094090748788769
38 10538528809406
42 378030414692099
49 197727530560403509
31 77569544141
42 923077227812691
30 18141540565
32 180150103779
24 194830120
44 7166414350799384
24 125306649
39 27564817833900
43 4216214022814051
48 122892188675340733
40 267477138292225
42 437661760986338
34 514734524486
45 21670109364392734
39 22663166332990
47 79512317771693013
35 2966010214023
42 357406106920842
39 21377356729707
30 9168109951
30 10399796356
31 34358007942
41 168900280750939
20 2485258
30 39232046402
35 790374653589
25 533789392
46 31105021099449746
25 535973214
28 2892753536
30 18817065955
29 7250419031
25 479032535
36 3158749264993
40 125430200324091
23 80166221
49 366930879037374972
41 140705524450562
29 4562764761
43 2313219756490242
45 9565950967635829
44 7596684805058456
41 691039871718896
45 6206853323615687
46 37856220088487323
34 1364594069660
44 7296743415242537
25 499376043
50 581544856678204149
42 1271737477173396
33 118738617777
20 5714948
43 750772826522562
25 193032116
45 11415948008487558
29 11432067168
28 2533054523
29 10181132137
45 13042329052989888
49 366996253645295488
45 7233786579627549
45 8568865891763693
39 100761285848998
47 112509788181179322
48 104746361497975856
22 14019048
41 432621883898568
27 2423178946
20 1548622
27 1275139391
29 16902184937
45 17324013894305364
32 77569580505
46 13936481911378775
25 240990172
28 1317919207
27 698715544
45 15757422769145352
34 382771625821
36 7984174437993
22 17199323
21 6835772
28 2278020170
48 336043588706111720
43 3895654051632363
32 258867623464
46 28138444510430161
42 1584358580580207
26 1040711676
30 29594223515
50 17431477079201528655
30 18605789418
49 232321523860480443
40 216305667390770
27 1132949657
43 4112115137000045
27 2704548910
50 12501987181380469532
37 13568858686884
36 8548696374401
33 448313859878
47 76178011685135813
30 42313569914
43 2610159199358761
37 13346975913446
23 68702650
39 31067123937152
21 7393783
29 12578050979
26 439224449
42 796172073860271
34 369652195252
42 943723222214539
23 77360495
45 14346696433615365
28 6967321286
27 785741558
31 96756921284
36 3178649824111
41 425796003243623
37 9162027333804
34 817295346288
31 28800418990
21 9262108
29 17848507809
34 625444230265
37 21218535828405
40 238390186824707
27 1621084020
20 1395985
20 2398279
43 3968260996678967
36 5722679199144
25 225195851
48 289091282955745527
28 5515495551
38 47062652961742
38 50660627433472
35 815879055171
32 107655989249
25 163681723
40 154882301888919
43 2552923364376151
44 8804309493096511
42 1398699967289094
21 5918950
27 3156998660
39 90419145214267
23 83219557
49 448090888590934608
39 63600845332596
30 42122710298
47 72612759873683993
25 363231360
32 185692138660
32 202959568836
40 60925912202106
20 5597486
22 17355637
20 4796656
40 267775014477495
45 19367312722026766
29 6778561215
47 107226881707542090
35 1177907154613
47 106403306308959787
35 1903392585871
36 7464338130974
33 240377181516
37 5432938016723
38 42347146378169
35 656203935093
46 24922254842687856
30 28245095484
47 26481844813354582
46 40665660070006768
45 7632434842231522
20 1891450
25 209071972
45 17962802356601628
40 228354385987967
41 655938130529545
29 14795941010
32 56514520027
24 211381079
41 655164064052192
33 428803087471
35 3297405903698
40 63501913115181
25 524398397
20 5433177
39 118130584805058
47 121968764293105242
25 149444692
22 35242717
24 176319538
42 372351243857293
30 23385933377
41 162856593839350
49 201005399883080427
27 2201675023
50 12696151064878855739
22 30870501
40 187199288895352
38 11013101195460
28 5005582928
26 1063176977
30 18773243946
35 1313433457060
24 200253647
27 807016205
20 5005962
42 1344189582880523
36 7714074096809
31 77496039818
40 55645324337804
27 844790509
48 166071717759254756
34 1495442347072
48 277854111773519069
29 6320763112
30 25190241069
49 746301003723389498
37 12576259073180
46 35471910046461388
28 1876802139
46 55900211448790519
40 135499178895491
39 92955697589317
41 708243020866263
40 135762556228182
40 186256936917620
39 118707776976962
49 620149921699629106
29 17462908788
38 42082884873150
36 7499051635903
22 37121377
42 1177561202124041
39 115257341497933
50 3017072955671172620
46 56028486345816877
41 568862837472226
25 162030731
43 2634521849712400
38 43269103124722
44 9736690416388368
45 12061352839905657
22 38526685
42 1433014538287286
43 3226766710987401
46 15557048819363236
39 110015938696978
45 14207352336520415
42 1702349511199844
31 72230267184
43 732692866449117
46 57875044355685097
26 572272441
34 878291232038
50 16380813755085818504
23 34917157
36 3479176469803
36 8697895674463
37 16908493617715
41 722378256516954
33 408337455312
22 37400087
50 3476762668832881048
26 1233512741
22 8743030
38 42818334530017
31 47487513067
46 47706939018381633
35 3375841517138
20 1673998
42 1363180567971373
34 427986772725
42 1158835222739508
32 184380587956
35 3176962429392
38 46093036887779
24 47851185
44 8737792208679150
26 598541310
28 2460782103
36 6660912702438
45 19625324800683805
24 140594238
23 73617072
22 27541782
28 3745284008
44 1937769613919744
26 942555539
50 15078506852959250172
48 114360404156507254
41 557937536775416
27 1076122294
35 3174550567806
30 14452233246
42 1031634044231882
26 232328544
48 333604257799229780
48 157208751925631107
33 375104860780
37 16280503659749
37 12521497259071
25 98630733
49 185680891972139824
21 10206318
49 323584682610172147
29 12354049501
20 2341913
50 8457446513613553751
49 300932583599566548
29 11407203027
27 1868031528
23 58454959
36 7060536051458
44 7167257068244617
34 899114401537
21 15567948
46 56772374159657178
31 97011741171
49 675092834651074010
45 12576476993008429
27 3047259538
48 103642038742862772
34 1250214561426
23 72272887
30 13437455462
41 506153450141745
41 527316987942866
21 9044558
25 309671404
30 20440729477
23 44022157
21 14088429
31 104363720819
37 5170220035126
49 583228717428617010
39 76527489805208
44 3343313325010428
34 1303190486067
28 7374352215
48 181645090096512814
28 7583890898
30 39893184606
45 4486546574382693
25 411520625
28 4508561519
35 951675047186
30 15004284903
25 230750056
24 208920278
37 8989878909550
36 6244501208786
47 45417213706831154
50 5864327147734191586
42 702345181901847
43 1231973912451995
26 842255779
47 62652246613646700
32 180341999321
39 107993794013988
26 464358713
22 32560841
22 36065394
31 103953628458
31 70417620263
23 74728804
32 214984576296
35 3393700547433
20 1588391
25 177558623
40 177000551578229
23 57114503
25 326165934
28 3603633185
40 57817383809111
33 474904141718
20 5063114
42 1628366311114440
39 101633649547113
48 83199239595708797
39 107323861377633
35 1641074391911
30 41756656009
40 219123828318612
20 1641040
49 588479727224204329
45 7625038713474948
27 571056404
35 1560480196672
40 251138709829884
42 1350411898422944
47 65811264382506362
37 7288914291199
47 123437126438779424
39 115989311020634
26 667083225
50 12872335076093020613
48 345148269466719555
38 31625952199898
35 2128234408275
20 5662253
23 79732831
50 16581899136135953898
29 17723291154
32 250521734982
47 59698227064751570
48 236152682952676831
38 50377044976887
32 237870176697
31 72528918219
37 11495627851360
23 45893041
47 48470703251591207
42 687440778144086
23 77897377
21 9849305
45 23451705700924254
44 5572906291418084
47 95904095574736037
34 715830151698
30 9419850892
38 38827224967492
37 5292249256935
32 161770502106
37 5176487768186
22 13748218
31 88740253328
33 251966713099
27 2065675038
34 989167371352
36 2025024989471
32 98752415901
49 219609189816846989
43 1958887253151357
43 3751303876525274
44 3153862382762251
50 17982131527813583263
33 500776698938
40 185689742511548
37 5205112948192
49 154912734656889148
45 20873700532561926
35 3640682671691
42 515552002665147
45 22343153858664319
27 2042557156
30 21896706717
20 3391012
45 21772375671820308
35 2874945161707
24 42399721
41 718127375794946
21 7365763
48 73269620881616275
44 7664215408222207
35 1970286850852
41 428690523974738
40 232200246030053
42 712641075775579
44 8547042929802726
50 1076475544834134555
43 1944101343840710
48 231925303689901590
28 3074322716
40 186564089594416
22 11341840
20 5589235
38 12267179886390
30 9240249320
37 7745370936882
41 460649198751356
45 8612720616137037
33 281046556304
31 48118733161
34 463140160335
49 473592889247839812
25 224880875
30 37340421666
26 671871473
44 8156888403057577
37 11591391368182
42 1475085163538410
40 297830858761440
24 178978188
24 123402858
50 15420324980099457949
21 10738296
21 6298211
24 135173385
40 294491597603649
27 1992747671
20 3456382
45 20772196433243097
40 202281481565848
30 33768133082
42 1324248802150015
37 4199355182685
27 1317736783
29 13759812721
48 228692904645190571
30 41515088915
45 9085024685783789
38 39669491981718
32 104250213149
39 123655832210446
48 177010102961319786
34 317814559070
20 6433098
23 60528761
41 130287241199136
45 5129149135347598
35 1031361229903
25 292162241
20 4317160
36 4779304013311
27 1107652196
45 22859770997022202
30 15338783718
37 15745576293428
40 289970085875177
30 21113046924
20 3375160
44 5091442073613761
44 5081336047337515
33 221218752830
23 27641557
40 291205880316844
23 61649361
28 3946785772
22 36189011
45 23510659132672150
49 146740669477829119
32 61398115219
22 14070771
43 1415261941892802
30 40447853967
45 18398893532593909
43 1665145070249736
46 21486733221045001
33 566969980251
41 248190975196015
20 5705195
37 21225040867394
48 213945001864499570
28 1868620514
23 48242159
27 2528588892
46 16766614834796867
35 2318838184121
47 137815340930232621
25 471524783
27 858932285
23 22202740
49 533012049450348972
26 815869373
27 2454480180
47 31203670831504381
47 78999837444187593
43 3534473166872773
35 1750062089196
47 130655965824482580
30 11569327324
37 10412418562194
33 485359741255
21 4355611
32 186044199807
28 2146833970
20 5676618
28 4243241832
22 27087989
28 3424784595
26 1071061464
28 6773858389
43 1238409010706610
32 78494581846
40 69299356151783
29 6699629398
27 2924982364
41 193497818835847
31 93757950589
43 4155999015581214
49 770800034706034509
36 4353803902603
47 109830702040044779
29 13267803382
20 2486943
31 55966547507
29 3416904835
39 91216189240766
48 150773122237505701
43 1760991643256544
34 331614588683
50 15406851569792734527
23 22514203
26 1010666703
40 70222392844132
30 39146687037
26 959823746
43 2719470863470729
37 4632133970652
20 2358806
47 82393772653554023
31 64261735368
49 714345431069746671
24 83012012
36 4186569829040
22 33453493
32 180490647892
47 43282068059997222
43 2696169078017871
35 2173232784924
43 1338851600263280
43 3210398400458675
44 6118854540890369
43 3736328972516955
30 40791462045
24 211101452
41 677422923424669
39 104823053577072
46 17093712125941111
50 5473435928375328451
21 4087979
37 9357644903621
50 5483350261433063052
31 101310529134
25 259663077
22 31040792
23 37660288
22 19542069
32 51798027759
42 1479882822388562
38 18214067077560
40 180709720155843
48 86791471965320259
27 2658802345
42 900398872180335
40 56763339907930
44 7316960866525103
39 79639940921530
40 104712748997347
39 113009816074879
36 7931990214688
50 1000618156594667473
39 52329999219448
21 8330273
47 27726407647300948
49 363769581079288408
44 9947176476023815
44 2450146803142498
20 2927254
27 757093889
35 3558184430839
49 341354224612002078
44 8916339099118545
48 275796149367165221
34 458034930894
26 357816258
43 3467136349086510
31 37771842173
48 175829957079922910
46 16471128003661318
44 7466998572029644
30 24861424695
29 11354032252
23 82554760
32 216731558766
22 36933265
38 11764842342746
35 1415965413928
20 3398022
39 71424231751129
21 14748288
41 224043757221003
32 139502965558
28 1626465774
47 25112251720943742
38 20776149629114
34 515192369994
36 3129027042421
41 417954097472828
49 166741208313957405
27 1882098505
33 153075653368
42 503088008847515
38 37252674638501
28 7578089285
25 497737351
46 46109203189001010
47 107377026279738420
43 2922577332592959
24 194605580
24 219913202
39 98276080604857
47 45970718437700159
47 139182153866329204
23 84111748
22 18209241
32 132650908325
22 29683754
27 580860449
38 44420928332162
42 366287288367889
23 60220712
20 5166842
42 1095084252106337
28 3859423407
35 2531111282341
45 17724095770832772
37 3947209878812
25 470260551
32 50474866635
47 51344140315704433
43 2013422928764904
30 42141501456
48 145609219444594657
38 37973993296986
39 70112437285511
22 30151748
32 249600356032
48 295892151035395110
40 136257508018979
23 39366837
21 14098333
31 31568794376
48 267242571092128735
27 2025228239
35 1541813261763
45 24289693394567039
40 98694296387074
20 5516423
34 940218792919
40 105744992673538
49 798510715016452992
31 107271624722
20 4461030
35 814531215122
44 4848817648456434
44 9747143527654175
40 211442971939501
30 18782572215
48 300859220435099894
25 471526978
29 12450450079
39 54093541213888
21 3918299
23 51593131
28 2608645882
50 17258256772465945213
25 358290532
36 8524336879722
26 656297741
50 12732614315968815820
29 15377476944
42 1600624180842064
22 21729418
36 4672387101039
43 1129023005531341
25 488875681
44 5349064336301251
21 7492674
47 109046164701392337
35 3450691593340
27 2902788718
39 63770454785943
32 92936996144
49 811375159998303856
41 379624506416974
50 12204625826654607019
42 1496215846833637
21 8689240
26 1164633556
33 516956730412
21 11562214
38 32738961164778
46 41008360794056034
47 92826865911643983
24 139671232
28 4778716165
41 610462085042791
36 2272788664028
24 69319031
45 10614827674387498
37 5873294951955
27 2659983617
29 8165482823
23 47657181
42 1694667935868915
31 58723385215
42 1496207529498275
44 7510750815752923
44 7080607967123925
41 147022928981218
46 10589251106744081
31 58605057968
35 1001364846591
40 226199836715530
29 18288912427
37 14888217453414
25 334886897
22 10539965
28 6833698987
42 765083750646635
22 7014041
23 33960462
23 18499636
42 680517617978570
32 162517567751
21 15317771
43 2910400880023414
32 176043505353
27 2797905921
47 100534034711052942
31 70234402067
33 558623603243
39 26275688454076
20 4061789
23 29906059
48 92944721337973849
20 3840443
38 38662161833013
24 186023239
40 276722860195171
34 1127290074425
46 34263421915751559
27 2612668049
20 5383383
30 14795822931
38 36570927884206
21 4588926
31 80323357710
31 97189496143
25 513838179
25 218369337
36 6347238550862
48 266609423419076106
22 17727307
43 3974601276048834
40 209238055622563
27 1127670503
30 19221161061
33 248564463504
28 6812252919
44 9387123424158689
31 43469796025
46 10550233472571120
21 5943228
28 7048906627
24 155006503
30 25282743248
36 5226809397922
43 2868634644522994
22 22574977
31 30851708975
37 18513983262157
34 519304457115
42 1335983867272184
33 200648924280
23 36488355
31 23259522888
46 32048892026839186
38 35344120153141
34 1241117209051
28 6235964950
34 791011986352
49 215991320867022176
26 540904028
39 63918217155547
23 88817996
21 5584774
42 359162798372549
35 1438546800366
35 2385730156762
25 512907322
45 7612457056449316
20 5673906
40 89313466235762
37 17025449373361
44 2132614561071949
40 216194089813656
22 36883407
30 42883096778
42 1082039052564143
23 83793016
20 3159289
33 406862909755
50 3141388432657102591
21 6118749
31 28862916494
26 342789647
40 243494634681229
34 945501695880
34 648295153359
38 44156410693476
20 1660524
40 255782027464325
43 2819765186693395
50 2760125264189700208
20 3587760
39 53607231454146
21 8680220
26 397017653
29 17423508184
36 8135195253748
44 2566558656642742
38 39917952842649
21 12068943
35 1039336757572
23 49749006
41 165532788432313
22 24464937
36 1567764850716
46 54835219993303193
44 7022721826629287
46 15246852675733029
32 50543059963
29 7920427448
25 478101113
47 88399508156937366
31 53132245107
43 2957318181884845
45 9496296409154283
31 91786511976
45 20222846783625186
33 609837493768
37 16630393179124
46 49307606269843941
22 36272463
30 14710374476
46 33561830447112644
27 2513682478
33 519854511001
26 913501544
29 11757292506
44 4108479758996463
39 81520104353979
26 230213230
36 7061597795882
44 5046398689300353
41 535257913750726
33 446787027572
37 15426177378720
28 2566673306
31 80377369957
49 829676800904342639
28 3676594080
25 520639573
23 26915467
36 8120392320485
32 115047149479
44 5442075732473722
44 3414400047134411
49 532573442099094643
45 10099621161562438
46 43271480336863875
37 17921477957443
21 6066922
45 4336962349493818
22 8659560
27 1416707771
48 165602455157378787
48 168528620919129473
45 10102278399032964
35 904148229859
24 131664534
33 619249580749
30 38084204180
32 246761854715
35 3086581485478
29 5057997112
45 6576515599002756
44 8549565018375443
27 1728152077
42 864347363337606
47 108493450679162272
28 6799438664
38 46717854239511
29 11813617722
45 16437274830104636
37 3796700150710
48 264631679049427869
31 27550292223
43 3492999755782772
41 192076374182298
40 170683198129482
39 83219266195628
23 70412796
35 1774697974504
38 16206419289898
46 46844851925278640
49 603570164734294213
22 8810299
50 17143336069816670654
32 100634709601
38 36947480898044
40 112371465266098
31 41939532274
43 3604775254469588
49 452033522171040198
39 123584108497348
25 423885926
25 400903688
35 1526323848590
44 2374404533056973
27 2570946261
34 1437952415837
35 772935489053
43 1951320890349458
25 428470892
38 36983629654707
33 620566237608
20 4593198
33 309602656826
34 754725787952
20 3839077
31 89345549318
35 3086972302616
38 23822494281203
44 8680061612012806
41 558701581106770
43 3103044965193818
22 35467435
36 1923954949983
42 1342177159021989
24 74532155
49 438441462782783559
26 1079937827
26 365195063
31 39974260235
42 819953041723349
34 523945753516
29 12045850410
26 618801552
38 18082979225574
40 186185122691555
22 20966473
20 4711351
44 4886285800290234
22 19752074
30 34573194188
22 24182079
30 32323222658
38 25120381311296
23 57050535
34 1442229881543
28 7221284165
46 35236991138651419
38 36357517058893
33 546699684928
31 42238348156
20 2577330
31 59780591567
35 1895295133858
21 3598788
22 36118671
20 4746001
34 1440825054542
36 2501993090979
21 5574979
50 15758203882516459890
41 351292136916951
48 189378705340456099
44 3578094679120866
33 172348695780
37 12132518707596
36 7711535492779
40 222977742717264
46 40540477100944031
49 241827274137073553
34 656667777786
48 60028595501232224
43 1078683997137359
39 38204097493071
29 15581123218
20 2559906
28 3351611308
21 3606282
23 21145092
31 55242139744
20 4204617
42 708939631790025
21 4153543
30 42798614771
45 13384375620744455
40 174083389668940
37 18021763779348
27 1519971077
35 990842445979
32 97468473045
43 1070833782586679
24 200745425
32 65465044457
24 211864222
40 193020515479560
46 25643194488467090
37 10703338491084
24 160670646
43 726000655263323
28 5582699187
47 60160205726291538
35 2399647546519
40 159676532427353
49 360503615836163781
37 20058970765746
33 295723780972
46 43538256808348573
41 313290153766349
32 162991072557
25 518481331
36 3637457736156
30 43299288102
42 890150845387965
35 1244819860521
31 67592338732
26 1240951124
28 3778387181
48 106464970088929983
33 360019158298
24 149673292
31 22021751694
38 10280585983608
21 4391905
40 162652322554255
26 556680328
50 1523044716390232552
20 2689071
43 2409398607750176
37 20388119949665
40 260485850909196
22 23129498
22 30044179
26 948090903
43 3567182725865078
33 389871246547
25 229389867
50 6599311917842190730
40 137522718636516
47 67713115764675675
24 64688005
33 402565278872
46 38944044206620378
34 482766450380
22 14748744
36 6866323970373
41 562512117131884
48 338614018189659428
23 45273337
40 198740308697577
48 291214148996754152
35 2528120205786
20 6602521
29 18381119031
38 30211448286423
47 83334672744182677
22 35326390
25 375794370
38 48396339227060
29 16971943396
43 1862233699287769
29 7802612890
47 111451182849605186
38 31692229522168
41 258415544033966
28 4914635629
28 4077142806
49 825382890837698380
21 14797330
28 7257989607
43 1441081297242344
36 8025591828816
48 115024153083123868
44 5794190805634729
25 214573403
43 2404350305176377
23 89292789
46 28045061003927739
30 25430497152
20 3825625
48 325085435751339735
21 11446969
20 2565686
41 480553054019856
50 8441089138007406932
22 7503098
48 210622216037001532
48 212181777850119525
29 12852178283
21 9831480
29 10635117312
33 453995526433
26 682100935
31 80884308144
40 184851535551846
32 86975256084
41 611034006098442
41 326483343903083
30 8951171721
48 265567551844885608
47 76237792466278578
44 6589104202888044
24 182697223
31 36841485880
49 239646210100850990
49 405078425503621597
20 4896169
36 2796168037087
28 1969460170
43 1140529010953733
26 995520414
47 124919755393911141
22 11176664
24 175023992
34 1327181531156
34 385651594803
31 62515189516
38 20087982791506
30 11707122009
38 24365001738386
22 37052666
26 486769278
33 459579233097
23 45920358
44 7622132540405193
25 344245183
49 782387560041983302
48 253976147976078449
42 321755461224635
36 4848455169704
36 5803601338972
47 88610556087487301
31 61795911702
27 1637795196
45 11204107225873291
37 9228678057486
21 14216847
44 2959639019022478
21 12194208
22 16497999
46 50980533262655310
50 3934982623138894554
27 1095324489
38 28050145933817
41 716399064916389
46 23986141542710004
38 9839340098210
50 3506305214256474016
44 8473137107898531
34 598121765903
47 88173807303954049
46 59192828123643404
30 12736784923
26 536907746
46 22153162814883133
42 862846650325018
30 24600368206
34 1057974611088
30 37776456078
43 1490107938807581
24 176253375
41 226876361011001
38 13078809896195
34 577454763230
36 2708855101617
47 52637748903732590
46 50352753375208917
45 21085938566979294
46 46972363148516719
46 54956281907998810
32 252168153251
45 19955729081109765
27 2015061366
35 2817750839880
40 162780276307389
25 170892826
24 200426845
39 108224683957294
42 560120796398330
41 526535167960225
20 4988612
20 3775285
36 2232405769038
43 2265076975848128
34 1249235420506
33 118805112522
21 13507521
44 6400056059685117
36 4217823360270
44 5716487680711589
22 27095130
40 179514227683252
46 50856622502052364
20 4817103
36 7112389039607
36 5247554484705
24 51838537
45 16815246387463014
27 2821799197
40 103811294858541
21 5501271
45 13978931292196592
33 150268521632
21 7596438
37 12443369713235
38 12958134787545
37 5509695328943
32 70292750936
49 636422140451846472
33 558475214426
43 2798360152828409
37 19548132935884
49 588441774289783186
41 172466825392604
45 18835909534583689
43 3467801503089863
49 708930005682438228
20 5033265
22 18816892
46 42228622805024855
38 20962294383924
29 16720819169
44 3756867105269811
34 1055195788906
35 2852866207377
44 6267195080627579
22 15137975
24 124809737
24 162127815
48 296225757205122070
41 671640384605508
37 17599429391959
30 8303239869
33 348321434710
20 5861622
37 4237776903064
25 319866437
28 5884195736
24 160542838
48 222125620703505718
28 6746263308
33 613324923382
44 5922943461856282
26 922793710
35 1785320119140
29 3701417252
48 154084766701938720
23 63809782
37 21253234295435
35 715652775026
34 884866533681
22 23955190
45 21555923686550408
32 121885952788
41 416326944505313
48 67266310508690586
35 1202207359466
22 22409816
26 801111954
25 239475411
41 715418572889928
38 50738127957303
41 633869023068066
48 202124513309671974
29 13836373272
43 1503907986415621
40 270570310529929
42 549019003099713
32 247579976156
24 46777249
24 76449257
21 9401578
38 46348179877426
21 5697506
30 29591607347
21 11459852
23 23025078
22 8980991
34 694212436147
50 6379266006989372053
34 1106657332410
32 212243112831
39 108961028369878
42 965043843669654
24 211782117
21 5646429
43 3346884411908730
27 1207134168
45 12439552425203040
30 14387728590
32 63324145965
24 105652866
21 6257266
23 36205139
36 4417298257829
20 4741479
24 82814755
36 7395617394119
40 78273080211343
36 1879690069389
44 6182866694247205
37 13364131160069
41 347890184896573
50 8803802907257085643
29 5757195203
34 678618499251
45 13640231349291403
45 11082359196692641
26 902121566
25 404601714
33 395085457594
27 1311714811
38 47585577099139
21 6306711
44 2607298236207135
45 17103698358890973
20 4483847
20 2159780
28 6609811435
40 72058277348929
32 72166908962
20 4089810
45 20486383489988346
25 519767991
36 7168819860284
28 6455803101
49 175691411818841734
45 12839445175897546
35 911837783882
33 449162124405
32 254181320480
40 273121505045621
35 2532464390198
29 11977919607
21 15322379
42 1593127989246285
33 114429197509
45 16151268968964500
47 81497398363690162
23 74303060
47 50777372486614063
47 134676694429411760
48 126422836119035566
45 19019268866504447
36 3380337669260
32 199262038060
44 9329674926631696
49 612925766694436172
36 1899540620729
43 1300026592911305
34 1057365825181
28 2452003186
22 30090751
31 76809841068
34 561304487471
22 19871210
22 8238851
28 4404714281
34 646032212216
28 1468244438
49 414588526588001524
31 55578372067
24 54819176
24 99783770
35 2360330632935
42 1148523175673696
37 13378942265287
48 94744326818719008
24 132856706
31 65164491736
28 3165976206
49 207115135016933373
49 151950273339767642
31 104887965843
37 16344649341096
46 26881403961455698
22 35453002
28 4431893412
28 3240938504
30 13240076590
24 152261290
38 17096426150162
35 1518373359182
25 200676470
27 1130362871
44 7604909008666630
24 129704299
26 1033468051
21 9126056
32 143589965697
33 386024581237
43 2330343332586700
47 94413963075439675
22 9362846
42 1196827788616005
26 445345521
26 742935140
40 167484414398013
28 6810808206
34 285459554244
49 272633203711996569
30 21542323089
49 342488041493778530
30 35811949562
21 11114809
47 116675682778486634
37 9986761713993
50 15854046083033930396
33 588563231948
24 78526069
26 1094523970
29 14611379204
31 40956968310
42 1069607683343771
20 3178565
25 367495021
27 1484957182
21 7135603
38 31074129504756
26 1087948281
40 177141924511690
44 1923707651015536
26 823497409
46 19090538555443088
28 1381129285
45 23272044699422095
24 148968757
29 16970672401
24 155366131
21 6010497
43 4033957470694567
40 192896414876769
38 15417763158854
41 271459662779994
49 687607001788823989
33 282126494524
39 64256662933061
33 477779194676
35 645336912969
43 908425676491173
22 20220300
39 93091729868721
31 32113787263
23 75650352
36 3174658632096
37 11958569565137
39 76163571170004
25 180534145
35 2523566577936
47 24836800924104560
41 620447303727168
49 832533191736417964
23 58670828
38 21138930539756
22 34566988
44 7886496306884284
41 507412114914721
42 1639784714803434
28 5300497577
50 1019108276199511502
28 2669858786
23 54474759
32 242642395438
32 54122898806
41 194776553448321
40 86908453875695
41 481333088000886
31 25372757347
39 76886655794614
24 85976547
25 362120861
44 1846586652066080
30 28201803820
34 1255884733531
35 1873310584909
29 6711732587
44 4461467935576975
22 16321036
34 510289213126
43 1454061660405190
35 2652164861251
32 161241644702
26 1119865623
46 34329875825927230
27 2154193850
32 81148673643
27 1608229249
34 1272206380643
28 1574989878
28 3521049664
20 5297105
39 90181934829062
40 202721600493023
28 6140503734
22 30322473
37 18820236940793
29 12463359529
40 215076464500484
28 6902052026
40 88292763111153
22 20748256
21 15992788
35 1288561960097
47 62823523238137977
21 3280183
20 4314495
47 142887423079723487
49 611572730696048290
33 382124638210
46 38478875957395509
49 201177076058819178
26 317732573
25 256145943
27 1897929028
22 24185645
41 625740560285998
31 36570178127
46 24771962043995034
37 8359913756919
31 69967110056
34 1172812710237
35 2847755710919
47 139589945041096602
33 263872518908
33 146214066572
26 385838702
26 252961033
28 5006918661
45 21295034943199568
29 12824540946
46 47998330907117803
24 172856954
42 1147330033012217
28 7606744738
39 75544761788769
30 33213917955
39 75250554380985
37 11831762809749
36 3304870724526
49 699160083895616008
35 1020949938390
44 5187349040707369
49 786104095833317493
40 239560287232224
26 728915570
32 113961944153
35 3533512017157
25 542471783
21 7720158
24 191204715
27 3097522428
43 3609345777899586
22 8874231
36 6559930268353
42 1425204482201349
40 88058578401839
25 539900899
36 2437480536980
23 49789861
34 1112658371647
36 2926052331465
47 40438040937917976
45 12850004933339349
29 17959302483
40 255892754902050
32 78046356389
30 32314027676
22 34109144
42 766491414215293
23 36780150
44 9246464506720424
48 342788323207682729
42 939417641711639
49 276425795463467427
23 24057871
48 178036090988564081
20 4287850
35 2524606379046
24 216784584
39 55536191736432
33 610487905353
36 2805295857912
21 10306459
40 211157444642384
43 2947785166920069
