32 80 21
29 19 15 18 25 21 7 24 1 24 22 2 4 1 12 29 15 20 5 22 6 28 14 23 3 26 15 22 24 22 18 1 16 29 12 4 14 13 1 24 22 3 9 18 14 11 24 18 27 1 23 10 23 29 22 1 29 3 12 21 17 1 15 1 23 15 12 20 15 15 29 30 12 19 7 14 1 26 15 12 
15 5 15 24 5 18 10 29 15 30 21 1 6 8 5 5 27 26 27 20 3 4 29 26 9 27 26 1 27 7 19 5 7 20 23 19 6 1 3 22 27 12 11 6 1 4 7 15 9 4 5 16 11 11 7 7 13 9 23 3 14 18 2 3 29 2 12 2 28 20 12 30 9 23 21 29 27 22 25 10 
28 26 6 7 22 27 6 26 7 10 15 19 8 27 29 5 25 10 28 24 23 30 30 25 19 21 14 6 1 10 30 4 10 27 25 26 19 19 11 13 20 10 29 15 27 3 6 8 18 5 12 12 5 27 25 7 21 13 18 10 16 21 13 3 7 12 14 22 16 3 5 11 12 14 11 10 2 14 24 21 
1 26 15 3 9 23 2 21 22 7 5 30 29 23 19 24 5 13 27 14 15 26 24 3 20 10 10 15 29 28 18 7 5 1 15 8 21 8 3 30 6 21 20 14 18 30 14 10 17 28 23 27 14 10 11 18 26 5 15 7 18 5 24 29 20 30 26 26 7 16 7 29 25 4 16 2 7 21 7 20 
10 7 20 7 27 2 3 23 18 20 8 6 29 30 13 23 1 18 9 13 23 11 29 9 4 5 22 28 28 27 9 3 25 26 13 16 5 21 18 9 5 21 26 2 16 3 12 2 21 9 24 4 24 18 16 8 17 20 30 18 12 22 13 1 5 27 7 1 25 11 18 7 17 24 22 24 5 11 28 8 
7 27 24 3 21 15 27 16 5 15 10 8 26 9 1 22 22 26 21 25 15 10 11 20 20 15 19 19 23 29 13 2 2 11 25 8 28 1 9 8 1 24 8 12 6 30 11 28 27 29 26 17 4 5 27 28 26 5 21 21 5 5 6 19 1 20 17 21 13 9 29 10 28 29 22 9 1 18 22 3 
22 1 17 17 10 17 28 27 5 5 10 30 14 2 29 28 4 22 26 15 12 24 28 25 19 2 6 26 18 23 23 21 20 6 13 28 3 15 25 11 18 29 15 7 7 3 10 26 24 17 14 12 18 7 3 29 8 23 12 24 30 14 19 7 4 6 24 6 22 16 15 17 22 19 29 12 22 30 15 26 
29 22 17 11 22 10 26 2 9 9 22 13 25 4 18 13 20 12 19 30 26 22 7 10 13 8 20 7 10 17 14 5 18 23 6 12 21 28 4 2 12 8 25 14 10 30 18 13 19 15 10 21 4 16 9 10 7 1 9 17 21 7 15 3 4 21 11 27 11 3 21 21 19 26 20 8 19 17 12 22 
20 13 7 19 24 26 18 4 7 1 23 23 11 9 12 3 1 3 18 18 17 16 9 1 7 1 10 18 1 20 21 14 23 7 1 17 6 5 14 26 23 20 24 27 27 8 18 11 8 22 21 10 26 20 28 13 25 8 24 16 3 2 23 23 16 4 4 23 8 12 19 7 21 15 14 7 14 13 6 28 
17 4 7 30 13 30 3 26 3 26 8 27 10 1 30 21 15 25 20 1 20 3 23 20 9 4 6 10 10 26 14 13 17 19 29 20 19 16 17 14 10 23 20 6 15 13 1 29 28 6 28 11 14 14 1 1 1 2 5 14 14 15 27 3 23 8 1 3 3 3 9 24 25 3 9 6 10 2 10 22 
30 10 6 18 25 29 20 11 28 5 21 15 8 24 14 8 28 30 5 27 10 26 15 23 6 19 27 23 22 30 25 14 17 14 18 3 20 14 4 11 17 9 30 24 23 13 20 10 2 9 25 11 11 2 1 26 12 22 12 17 13 11 28 25 28 25 15 28 25 27 15 27 9 21 26 8 26 17 8 30 
14 16 4 9 1 26 30 12 9 1 15 3 16 3 28 24 11 16 30 24 26 20 22 6 27 7 6 8 12 6 20 28 14 2 6 5 27 25 9 10 11 24 4 15 19 12 1 16 5 7 18 3 13 13 4 6 17 12 6 1 27 19 9 17 28 12 9 7 12 27 7 9 12 15 9 2 4 6 3 1 
18 22 29 3 19 29 20 29 8 10 28 25 18 20 8 4 8 11 30 29 8 14 11 13 17 18 1 9 8 30 16 5 6 29 20 6 3 1 15 12 25 24 7 7 26 29 7 3 14 13 22 26 24 9 12 22 12 29 1 7 23 10 5 28 12 17 12 19 5 4 28 22 18 20 29 13 28 28 1 3 
30 23 3 10 3 3 28 30 25 7 4 14 29 8 26 22 10 18 9 20 25 16 8 8 22 11 19 17 23 16 25 24 24 5 20 8 18 13 15 23 17 22 2 27 19 9 26 9 8 14 21 15 29 14 13 16 21 4 14 2 11 10 24 28 2 14 30 18 5 25 22 16 8 29 23 23 22 7 16 12 
21 1 1 8 14 20 18 19 20 11 12 26 13 9 13 25 16 18 1 13 1 18 16 7 13 25 25 12 9 17 5 24 27 29 19 25 26 3 7 20 20 5 30 28 5 30 22 29 3 21 5 29 3 13 21 6 26 20 18 13 9 11 17 24 12 3 24 7 25 24 27 3 20 12 11 22 6 22 26 9 
3 30 10 13 25 27 25 30 23 22 6 3 26 19 6 30 23 26 26 29 9 16 25 8 9 25 19 4 24 16 23 1 10 6 29 12 20 20 9 13 9 17 13 5 5 29 21 13 21 20 11 8 5 3 16 4 21 11 19 8 4 15 21 2 17 5 23 25 24 15 30 15 27 22 15 26 24 28 24 28 
23 7 5 6 27 13 15 6 23 2 4 7 30 1 22 19 11 20 25 13 6 20 1 29 18 25 12 23 23 28 5 12 17 30 30 25 28 30 26 22 9 12 17 4 14 11 2 1 25 19 30 25 23 21 12 7 7 22 6 1 22 27 5 26 18 16 29 23 10 11 29 9 23 22 15 25 5 25 22 1 
2 26 1 13 7 14 10 9 16 23 1 10 7 19 17 1 14 1 15 18 21 28 6 15 17 30 2 14 22 20 7 20 11 30 4 9 23 1 20 14 16 16 20 17 3 9 6 17 29 3 12 3 15 19 6 15 17 21 24 2 12 16 11 7 10 19 17 19 24 22 9 19 6 16 15 7 22 6 3 15 
18 11 25 8 7 16 26 1 10 8 19 29 30 18 12 28 26 22 17 21 3 13 19 16 16 8 22 13 4 3 20 1 15 30 3 8 22 10 25 29 7 20 5 3 27 25 23 10 6 4 14 20 19 28 1 28 7 16 8 24 2 18 28 8 26 1 4 10 29 25 12 19 22 27 9 5 9 18 3 20 
16 25 25 28 19 27 14 1 15 16 5 11 15 22 3 7 27 1 26 15 23 13 19 3 29 8 13 22 8 27 1 3 17 6 4 11 22 10 2 4 24 9 22 19 11 29 5 10 6 13 17 13 19 7 18 9 15 7 5 3 25 3 20 18 17 5 20 26 27 17 7 7 22 22 30 29 4 2 23 3 
22 10 21 22 5 15 30 3 12 18 11 19 28 30 14 20 23 27 30 24 13 11 11 6 1 12 17 3 11 16 22 8 16 15 28 17 16 16 26 24 25 13 15 23 25 27 23 4 6 23 28 6 26 26 24 29 28 29 23 12 26 17 20 20 15 4 10 13 5 28 21 1 15 15 6 8 15 5 21 17 
11 30 28 7 13 11 28 20 1 10 17 9 21 4 9 23 15 29 16 28 26 14 11 22 3 17 1 12 10 13 24 10 23 30 1 7 15 20 3 16 28 30 4 8 26 13 8 6 17 21 24 10 22 15 21 29 22 28 29 12 16 30 15 17 7 30 23 16 10 19 18 29 11 9 28 24 5 20 6 19 
24 10 21 12 8 3 15 6 2 5 5 2 15 11 23 5 6 14 21 28 29 3 4 7 5 6 27 28 9 15 24 8 11 16 10 8 30 14 13 18 6 13 4 5 1 22 19 11 26 3 16 24 6 14 27 13 18 13 15 6 26 5 15 12 25 16 21 15 21 2 19 12 5 22 26 18 22 28 17 5 
30 19 16 3 24 19 9 16 21 27 18 29 20 4 1 16 14 8 14 27 21 21 16 23 1 20 5 25 15 23 7 7 26 29 28 21 30 10 30 6 23 5 20 19 11 15 1 12 18 8 11 22 25 6 7 12 25 1 27 6 21 27 9 29 22 24 19 12 8 2 10 13 30 11 14 13 24 27 27 17 
20 9 19 14 21 24 18 25 20 21 8 16 9 22 10 4 8 25 4 4 10 4 24 8 21 15 18 3 10 8 22 22 19 19 18 23 15 27 2 20 8 13 22 7 15 23 19 7 1 8 19 30 20 2 17 3 5 1 16 29 7 30 16 12 22 23 14 20 21 9 15 24 29 7 6 15 12 2 13 14 
28 14 27 15 2 23 24 22 12 7 26 25 7 28 4 12 2 11 26 10 29 3 27 10 28 24 12 11 9 28 18 28 28 26 18 5 9 7 11 23 22 23 29 6 4 16 24 23 20 12 20 11 20 8 3 25 12 5 21 29 25 20 19 17 30 4 17 30 16 1 24 18 29 24 10 13 29 3 29 25 
19 18 5 25 6 23 12 20 11 16 21 17 30 2 11 7 1 5 24 7 14 22 30 16 24 23 18 14 21 26 22 20 5 9 4 13 8 28 23 26 18 26 18 28 12 7 13 18 1 22 23 30 6 10 16 6 21 30 2 1 14 17 3 16 12 20 11 9 19 8 12 24 3 20 6 11 10 4 8 16 
30 16 6 24 20 17 15 4 29 4 17 19 22 14 23 3 20 11 14 23 24 25 6 22 10 15 5 23 9 1 15 3 25 5 19 28 18 29 24 9 25 23 27 26 9 12 27 9 22 23 22 29 18 14 3 12 23 9 7 26 15 5 10 8 13 20 14 14 15 21 15 8 28 15 18 12 26 20 20 24 
14 12 28 10 13 2 24 3 25 23 23 4 4 30 21 11 19 21 10 4 8 28 4 24 25 12 1 9 5 28 30 22 4 1 2 4 20 28 25 26 6 27 2 14 3 12 22 11 18 23 24 11 14 26 13 7 13 5 12 3 18 9 3 15 3 5 4 2 23 25 10 22 1 4 12 3 16 18 9 14 
1 7 30 4 19 27 13 13 17 27 26 18 25 23 12 9 3 16 7 19 30 29 8 14 21 15 16 9 9 24 23 12 20 2 1 10 7 9 30 14 25 5 13 20 17 16 28 22 6 3 23 14 16 12 4 7 24 25 5 22 14 12 28 8 24 23 26 27 28 18 18 13 7 2 14 21 12 10 29 16 
29 19 10 24 20 30 12 2 26 25 15 17 5 10 6 22 22 14 1 11 20 30 1 3 22 14 27 8 13 1 28 30 6 28 6 22 10 9 2 28 5 1 22 11 2 8 16 1 28 10 7 10 29 9 9 30 28 27 2 14 1 17 9 7 5 12 7 20 9 17 21 16 3 6 28 4 14 30 30 10 
12 17 28 24 28 18 22 1 10 18 8 14 16 28 24 15 29 8 5 1 28 14 4 14 14 25 27 14 22 2 22 27 16 17 8 20 8 16 24 3 19 14 8 5 8 2 7 9 12 19 29 16 2 24 4 10 22 8 13 11 23 4 3 29 23 24 8 12 17 30 9 17 27 6 16 24 28 17 18 20 
