84 18 2217
26 23 14 7 9 2 8 22 5 4 23 1 1 13 28 24 10 20 
11 6 26 14 1 16 20 28 3 20 8 8 19 21 26 21 3 17 
1 18 10 27 1 6 5 4 11 12 28 11 9 18 13 14 5 8 
29 8 9 1 11 5 18 16 30 6 26 12 28 18 21 30 10 29 
7 10 28 7 6 3 1 11 29 26 21 2 1 24 16 19 18 12 
6 14 4 3 11 6 20 21 8 6 6 6 16 28 1 10 11 24 
14 10 10 21 13 23 10 2 4 28 14 21 26 23 12 6 7 20 
22 29 6 27 1 24 11 5 7 18 27 6 22 21 25 13 15 7 
20 7 3 30 7 14 16 4 21 28 17 27 29 10 30 8 18 1 
29 27 10 22 18 22 17 6 14 18 29 14 22 12 25 15 6 9 
25 3 2 15 25 20 3 3 30 6 17 7 11 6 19 14 26 19 
3 4 18 30 4 16 22 14 23 24 16 19 10 13 2 5 11 14 
29 23 17 15 25 15 9 16 30 23 12 4 2 1 8 28 6 6 
13 8 18 23 1 11 8 4 8 29 29 4 12 20 17 25 9 3 
25 2 15 20 8 12 16 5 19 21 3 21 11 14 3 14 27 30 
17 23 30 19 18 3 16 29 10 30 21 16 21 21 9 24 3 7 
23 17 11 25 1 5 9 15 10 26 18 20 28 2 21 4 21 22 
25 6 11 2 4 23 17 8 27 27 14 28 5 20 9 4 25 30 
21 5 30 18 7 14 22 22 10 17 9 12 18 23 29 17 24 27 
24 27 16 20 16 15 14 29 5 13 6 9 12 20 12 30 29 8 
18 13 14 21 14 12 25 6 3 26 1 24 13 25 25 26 12 9 
26 7 29 11 21 19 13 16 8 28 30 26 16 23 18 24 15 2 
17 4 26 3 16 17 27 9 6 10 21 21 19 7 14 15 7 27 
16 14 16 11 17 17 18 13 9 23 7 28 4 14 21 17 1 29 
10 26 25 14 17 27 25 8 2 22 24 17 29 24 8 19 12 14 
2 10 27 1 28 6 14 24 27 5 19 8 3 17 17 29 27 20 
22 18 29 4 6 19 13 24 29 21 28 22 26 29 5 12 29 18 
14 8 7 13 23 23 10 28 15 15 29 3 13 11 24 5 27 19 
5 19 11 15 28 25 6 6 23 11 6 9 20 23 30 10 26 9 
18 11 27 14 10 28 12 20 28 25 3 25 22 8 2 26 18 24 
30 21 26 15 20 23 8 11 10 18 2 12 5 26 29 4 13 17 
29 26 13 15 20 25 13 4 29 27 26 24 1 23 22 19 23 11 
2 26 14 15 2 2 19 17 17 25 6 12 14 5 19 27 2 13 
17 1 28 19 19 15 27 30 13 26 3 27 29 5 1 22 26 19 
8 23 4 7 27 11 6 20 18 10 6 26 14 1 19 30 10 19 
18 15 21 25 4 13 23 13 10 6 16 30 28 24 17 4 8 19 
16 6 29 19 3 9 2 19 2 23 23 3 23 26 2 10 23 7 
21 4 25 7 26 24 17 17 21 5 29 29 25 27 27 18 7 29 
3 27 9 25 2 11 23 29 19 29 3 16 18 17 12 26 10 30 
21 25 25 7 12 15 30 17 18 6 27 16 6 4 12 14 6 20 
1 17 2 27 13 23 25 28 5 13 10 13 30 20 7 16 22 24 
8 30 4 3 29 9 5 8 11 24 18 26 15 22 23 18 12 19 
20 2 19 1 4 17 2 16 8 21 21 5 9 11 23 23 19 25 
15 21 15 1 1 4 23 19 5 3 24 16 29 16 25 13 4 18 
28 5 7 17 23 5 15 20 10 5 24 29 29 6 29 30 11 15 
7 16 8 22 1 14 23 5 21 26 21 8 12 30 9 28 23 22 
5 3 14 10 1 29 28 2 8 10 26 23 7 29 22 17 21 27 
5 3 7 11 13 23 8 16 20 3 27 28 1 30 3 2 22 1 
13 25 28 7 19 27 2 3 3 21 23 5 27 13 11 13 30 22 
4 7 8 13 26 3 17 5 20 18 11 26 2 19 12 7 14 19 
3 30 29 17 28 23 17 1 20 10 7 6 17 7 12 5 1 8 
28 25 22 16 29 19 3 12 26 26 15 5 20 26 7 25 27 30 
17 1 26 7 27 17 20 3 5 10 18 19 14 9 26 26 29 7 
17 24 14 9 13 14 7 27 12 4 29 23 30 20 28 28 6 29 
11 24 26 27 2 8 26 13 22 5 16 10 6 3 18 26 4 29 
11 26 16 4 6 29 16 1 13 10 4 5 19 2 16 19 3 5 
4 16 28 27 2 6 28 1 30 8 17 21 14 19 15 28 8 20 
23 13 3 29 12 6 20 10 13 29 26 16 10 10 14 16 3 30 
10 26 1 26 28 17 16 9 2 4 8 27 9 12 15 9 20 4 
9 24 9 7 2 26 28 8 10 13 2 3 6 29 26 3 14 6 
19 26 5 9 7 26 2 5 5 1 19 6 29 3 6 11 6 25 
11 5 4 30 16 24 7 23 4 18 3 18 28 24 24 3 22 4 
14 28 2 23 29 25 23 11 22 10 17 19 17 14 15 7 5 10 
24 17 18 25 10 30 23 3 26 18 10 24 7 24 19 16 26 27 
3 3 21 19 6 27 4 19 17 5 3 22 10 6 29 19 17 21 
12 20 5 20 22 26 26 11 15 24 27 15 20 30 3 6 10 9 
17 24 1 28 1 7 9 18 13 11 4 24 22 5 2 2 6 12 
4 30 4 21 5 5 6 13 15 28 1 13 8 5 19 20 30 6 
13 26 4 21 10 15 29 2 7 5 3 30 23 8 13 4 20 1 
20 9 19 13 3 27 20 2 6 15 30 12 18 7 18 11 1 14 
23 15 29 17 15 13 26 24 1 6 8 11 6 8 11 8 20 15 
7 28 15 26 28 11 16 6 24 1 21 20 2 28 15 1 11 12 
8 8 16 7 6 30 14 8 21 25 9 23 30 19 30 21 2 25 
21 28 14 6 7 25 11 23 27 1 6 14 30 16 10 10 27 6 
3 7 5 24 9 10 21 1 15 9 26 15 14 19 30 11 4 6 
2 23 13 23 1 26 18 14 30 15 23 25 9 26 12 20 6 26 
3 10 23 25 16 4 6 21 4 3 17 27 27 14 4 19 10 22 
10 29 10 9 8 27 29 27 2 10 4 29 29 17 22 6 25 15 
30 24 1 17 19 5 7 26 29 3 12 19 7 3 21 4 22 25 
12 19 24 2 25 16 8 5 16 5 2 20 12 13 23 13 6 23 
16 13 28 11 15 6 23 26 27 7 19 8 8 2 3 17 24 21 
14 22 19 29 24 12 16 22 26 7 21 13 19 2 20 15 15 15 
26 28 12 8 13 22 29 1 10 25 22 11 9 16 17 12 22 10 
28 21 26 14 11 30 27 18 11 23 11 19 25 27 22 30 7 11 
