81 87 4272
11 22 21 19 28 11 21 28 12 15 16 8 7 23 28 24 10 6 27 16 30 6 22 26 14 4 28 27 15 8 2 18 9 21 10 20 11 19 19 19 12 27 6 25 24 17 18 17 3 3 10 21 3 5 20 12 25 23 23 9 10 13 6 22 10 19 28 30 7 8 22 30 13 10 11 26 10 16 3 10 5 29 30 5 7 24 21 
26 27 12 16 15 14 3 1 1 28 16 6 23 26 26 9 20 29 14 24 11 14 17 17 23 23 16 6 19 11 27 28 29 11 2 13 25 19 7 14 18 9 26 5 23 20 8 3 27 24 5 25 4 12 9 16 21 15 20 14 3 6 8 13 7 2 20 8 19 20 17 16 23 13 15 2 22 26 3 26 11 17 8 21 27 16 21 
9 23 19 13 25 11 4 4 4 26 27 19 7 2 14 8 22 1 16 5 28 9 26 27 22 9 27 25 29 22 5 21 22 2 7 24 23 22 19 20 9 24 25 22 26 21 7 23 3 7 7 4 23 1 27 9 17 30 7 14 14 28 8 9 2 8 23 19 8 15 2 5 15 5 15 28 13 21 29 4 18 17 27 30 24 25 4 
6 24 9 24 23 24 25 7 25 17 25 14 15 17 9 25 18 12 21 22 27 19 30 29 13 3 24 17 29 30 13 10 8 26 16 2 6 4 1 6 18 19 4 11 14 5 29 11 11 30 27 17 13 11 3 10 7 4 21 12 3 7 12 20 18 29 3 6 5 23 13 18 5 6 19 17 5 1 9 2 1 7 3 13 12 13 4 
27 4 8 29 16 21 17 30 6 12 8 4 2 29 2 20 2 6 23 17 28 19 1 15 19 17 7 15 5 22 5 25 19 10 15 9 3 5 26 27 17 8 8 3 5 27 15 29 7 4 7 8 30 30 14 14 20 17 6 16 17 6 15 29 18 22 11 22 8 3 24 1 25 26 18 20 10 27 4 14 22 25 1 29 23 11 21 
18 16 21 4 14 11 26 30 7 7 3 28 2 23 3 18 13 19 22 20 25 22 10 18 7 20 7 16 26 15 1 5 15 25 2 3 6 2 19 2 5 1 17 19 10 16 15 4 29 26 4 16 30 9 6 30 15 24 21 17 18 2 25 14 21 17 5 11 21 30 23 4 8 25 18 11 26 1 22 16 8 17 8 8 27 24 18 
25 7 11 9 2 17 10 17 14 29 19 17 2 2 3 12 24 11 14 27 15 21 11 5 5 16 16 4 10 5 15 2 11 10 9 17 30 7 8 23 17 22 12 18 4 9 14 16 16 29 18 9 4 11 8 12 10 17 14 19 3 10 24 3 8 3 12 29 12 6 25 10 26 11 17 25 18 9 10 24 22 10 3 8 12 3 11 
25 1 19 30 6 23 15 17 19 18 9 11 13 19 1 27 22 2 3 16 13 27 13 27 12 2 5 21 12 1 16 4 17 7 29 3 15 3 10 28 12 17 7 18 9 2 5 14 25 11 27 21 6 5 9 16 19 20 9 12 29 11 10 9 7 27 20 30 9 8 14 26 18 8 3 17 27 9 29 6 18 3 13 7 27 14 18 
8 2 27 17 14 3 27 4 19 14 6 12 15 14 14 9 7 5 4 24 5 12 10 18 16 24 13 28 1 20 3 1 10 17 16 19 28 15 11 26 20 1 18 9 16 1 10 14 10 5 21 28 20 24 11 7 6 8 19 19 13 2 13 18 20 25 8 1 13 17 17 2 12 9 6 27 25 18 21 23 27 23 15 23 2 15 29 
8 14 16 7 21 2 2 6 21 9 16 2 24 24 18 28 6 2 3 20 14 20 4 2 2 16 11 29 5 19 11 26 16 11 23 15 25 15 26 11 23 23 25 27 27 12 16 24 2 21 26 30 1 9 24 17 22 28 1 8 11 14 12 18 18 1 8 26 29 10 5 6 21 9 7 13 29 21 2 10 22 27 7 19 4 17 9 
24 18 10 20 21 17 3 11 8 27 27 19 7 15 21 6 13 17 16 10 27 2 5 14 15 19 26 10 16 2 30 30 26 23 19 16 24 3 20 25 14 15 18 3 19 29 19 9 2 22 25 4 13 2 12 17 6 7 24 10 17 21 12 22 23 16 11 25 8 26 13 14 10 18 29 25 3 13 28 21 11 25 23 15 13 17 8 
12 29 21 28 20 3 21 28 4 7 26 18 17 27 13 2 29 7 2 28 13 26 16 27 29 1 20 15 13 24 27 30 4 25 2 22 4 1 1 28 22 2 26 2 21 2 7 6 10 4 17 3 7 18 27 14 24 15 3 11 12 9 20 20 5 11 1 27 16 19 27 25 5 5 29 16 6 21 6 9 6 8 19 7 16 3 24 
15 4 12 11 9 8 1 12 12 1 30 27 21 26 18 17 10 2 24 19 27 20 10 16 1 14 18 21 25 5 14 24 21 13 1 19 27 30 29 25 23 14 10 7 29 10 18 10 1 30 17 28 3 7 18 26 13 15 2 24 24 1 22 19 26 28 29 6 25 3 11 17 9 7 2 9 28 9 29 30 5 2 11 18 18 6 12 
22 20 18 16 3 11 29 11 2 24 18 1 8 22 17 27 24 2 9 20 25 5 5 10 6 12 1 11 21 9 21 20 13 4 1 16 13 13 14 30 5 19 27 2 25 30 3 1 1 25 10 12 11 24 5 11 7 19 24 14 5 27 27 20 23 29 25 21 4 5 13 17 20 20 11 28 7 23 10 20 11 18 29 27 14 9 18 
14 6 5 11 2 15 22 3 4 18 18 28 30 26 1 9 28 20 14 23 5 28 7 9 21 26 11 9 11 12 17 9 30 17 9 2 13 17 29 9 5 24 8 22 15 4 22 27 25 15 8 16 20 15 1 11 25 24 11 1 28 25 10 29 2 10 2 27 20 3 9 22 22 12 20 6 18 20 3 5 7 7 20 1 24 29 5 
14 8 10 27 22 9 17 24 9 13 19 15 8 14 30 20 16 23 14 21 9 8 22 11 15 30 28 11 26 13 12 22 3 24 8 6 14 9 21 23 24 14 23 19 7 20 15 12 15 19 23 19 17 30 6 3 29 1 1 9 1 20 14 29 20 25 2 25 8 13 21 4 20 28 23 27 6 15 25 19 19 13 19 5 3 20 13 
2 20 9 3 16 10 17 28 26 3 24 12 5 19 4 11 19 19 17 24 22 25 25 7 4 12 6 21 13 5 3 9 13 12 20 1 22 19 21 29 16 10 16 16 12 1 24 27 27 17 29 28 27 5 24 5 2 21 13 4 23 12 19 20 13 16 13 6 4 20 23 13 15 6 19 10 12 16 12 8 6 19 18 30 6 22 12 
22 2 29 20 2 3 4 23 6 15 22 24 5 15 9 25 24 19 24 6 4 27 14 23 4 14 12 19 1 15 15 8 5 4 24 6 21 15 30 15 1 16 22 11 19 12 15 23 24 1 18 2 22 19 28 9 16 24 26 30 3 6 9 29 26 6 5 16 7 2 4 6 19 20 13 27 12 5 25 24 17 14 5 28 7 8 3 
12 27 13 13 29 13 24 8 28 27 27 28 5 9 18 15 3 5 8 23 5 9 10 11 1 11 17 11 10 23 16 29 10 20 26 18 20 23 20 24 17 2 12 6 20 22 17 20 18 19 12 11 12 15 29 13 9 15 2 23 16 21 28 28 2 30 6 27 7 21 27 21 7 8 12 19 30 2 13 14 25 17 18 12 27 28 14 
26 17 1 3 18 24 1 4 4 4 25 17 5 6 5 14 6 14 14 7 11 13 13 30 2 6 7 9 26 21 26 15 30 30 22 29 24 15 6 9 2 5 24 7 14 24 25 15 9 23 8 22 4 27 6 13 5 4 15 18 19 17 23 12 2 25 10 4 6 2 12 13 4 10 20 7 30 25 26 4 22 21 12 1 3 5 26 
19 6 22 7 18 27 9 29 5 4 22 13 27 24 2 2 10 28 14 13 1 7 30 12 10 18 3 16 26 19 29 15 13 10 24 11 25 12 11 24 12 30 15 4 10 8 15 19 30 7 21 15 12 20 2 10 21 14 4 18 17 26 4 24 2 8 10 7 5 1 1 14 1 13 24 6 15 14 16 8 29 3 25 29 7 12 16 
3 1 29 12 24 21 12 19 21 15 6 11 19 29 8 11 10 19 13 18 15 2 5 23 19 9 22 29 12 1 17 13 8 6 5 24 6 23 29 8 22 14 13 10 8 1 11 26 30 2 15 11 20 18 30 9 19 28 7 25 2 1 8 13 22 23 12 5 20 6 30 15 10 15 3 8 23 8 3 30 24 24 30 13 18 5 19 
1 9 15 2 10 14 20 4 30 2 17 25 6 12 23 20 6 7 20 1 4 27 25 14 21 22 5 28 8 4 4 5 13 19 3 29 30 23 28 3 1 27 24 22 12 22 25 5 30 15 13 13 20 15 29 11 3 18 3 20 12 6 7 30 17 15 20 11 2 5 28 3 20 5 5 18 11 21 21 24 26 22 3 24 11 17 30 
7 19 7 20 5 14 29 5 8 21 26 24 30 5 11 19 6 14 29 11 25 3 29 7 3 27 14 8 21 10 13 23 18 2 5 4 22 2 25 13 6 29 5 3 5 14 1 15 26 11 6 30 9 28 16 6 18 18 30 14 5 19 2 13 1 19 10 2 14 19 8 24 20 29 25 18 7 20 15 11 29 16 28 24 16 30 20 
19 14 24 14 19 4 8 26 2 25 16 4 26 16 20 19 9 11 15 11 3 29 20 14 7 2 29 21 3 12 29 17 6 9 14 12 13 15 10 10 4 2 23 25 1 6 18 23 14 11 1 26 19 10 11 26 10 1 12 28 26 17 16 25 5 14 22 27 20 2 12 10 10 21 16 6 20 18 5 18 17 22 1 18 20 11 7 
24 29 14 22 23 2 20 30 5 16 9 21 1 16 22 30 12 23 12 26 22 26 15 24 13 23 17 10 13 2 15 3 10 12 26 18 13 14 9 29 6 18 10 17 25 29 9 8 15 5 24 7 13 16 7 24 25 30 9 11 26 2 23 27 20 8 21 28 7 22 29 16 10 12 25 13 7 5 26 25 13 13 2 29 29 12 13 
19 29 23 26 26 10 20 23 8 16 7 2 18 10 24 4 27 27 18 5 26 16 26 28 30 6 26 29 29 11 3 24 2 7 13 1 4 6 9 5 2 6 2 3 26 23 19 17 13 11 8 26 4 14 28 11 28 30 14 15 5 25 13 17 30 10 5 12 21 26 10 3 5 14 8 23 25 23 10 23 5 9 28 6 26 29 7 
2 14 13 17 22 22 27 12 8 24 13 27 10 19 15 19 8 22 6 19 23 23 18 24 14 8 27 1 21 14 23 19 19 22 26 3 29 25 1 16 18 15 29 28 27 26 9 2 25 27 19 13 27 2 27 6 5 27 27 25 9 9 24 4 22 5 25 7 18 25 8 2 27 13 16 18 21 11 22 27 18 1 25 26 29 18 17 
9 29 10 7 9 14 22 17 20 4 19 4 10 8 1 19 3 14 19 2 1 16 28 6 10 15 27 20 30 18 3 25 2 8 22 5 26 2 22 22 30 17 27 6 8 17 2 7 14 7 2 7 23 1 28 7 20 21 11 13 17 15 17 1 5 6 13 7 27 15 12 2 15 1 5 21 30 13 19 16 17 20 3 26 18 22 14 
20 9 22 11 8 3 12 8 14 9 16 30 16 16 18 15 26 15 5 30 2 1 16 4 28 4 3 4 12 20 5 29 10 13 9 16 6 19 4 15 6 25 20 19 3 14 18 2 22 23 22 4 2 3 4 13 14 22 29 11 21 2 28 16 1 23 20 12 12 15 5 30 9 15 12 12 4 19 17 28 2 16 2 23 17 16 8 
25 3 30 13 16 30 28 8 22 17 14 18 3 20 19 9 11 27 23 27 29 13 4 22 18 23 16 21 8 21 29 5 7 11 1 13 18 20 25 26 17 11 26 16 4 26 25 13 13 5 4 30 11 26 1 27 4 1 3 2 8 11 25 10 16 15 11 25 29 12 20 18 24 16 19 12 28 7 9 15 19 14 3 7 6 23 16 
13 23 15 27 16 10 24 17 26 17 28 17 11 5 28 7 25 13 8 29 1 28 12 1 11 17 10 14 27 25 13 30 3 12 10 21 8 7 15 27 22 24 28 11 28 22 26 22 9 8 10 22 18 4 25 6 4 16 30 20 2 26 1 17 20 18 13 30 6 6 14 6 11 26 13 23 10 8 21 5 29 15 10 5 9 14 26 
12 19 20 11 25 3 10 23 23 24 17 12 14 13 17 5 11 6 15 1 26 2 17 28 6 24 17 25 7 7 24 20 25 22 3 3 11 4 14 1 21 25 26 18 25 18 14 9 29 15 18 26 4 8 1 16 1 13 23 17 3 1 6 24 13 7 24 19 26 3 29 7 7 24 14 15 22 2 10 23 24 15 7 13 8 24 29 
9 5 14 17 23 11 8 27 24 9 21 11 14 26 10 15 24 5 28 8 25 21 26 26 24 15 21 15 15 24 2 20 21 1 13 20 6 16 5 19 2 13 24 10 14 17 19 9 6 18 12 12 12 6 10 27 21 5 3 21 30 8 4 6 21 16 17 27 23 24 1 12 30 27 30 7 17 8 11 1 20 26 15 27 30 16 13 
29 16 15 21 26 8 12 28 22 16 1 20 24 23 2 5 18 6 20 20 9 1 21 16 11 16 12 29 2 2 20 19 2 1 14 15 10 17 25 28 16 26 13 18 6 10 29 13 14 14 19 18 10 30 12 5 12 24 28 17 3 24 17 6 26 5 29 8 14 12 22 4 25 6 7 2 29 11 3 17 22 18 14 22 20 9 18 
8 5 27 10 16 5 7 15 14 18 1 14 13 20 23 7 10 26 23 9 13 29 27 12 27 13 16 30 12 27 12 22 16 11 28 17 28 2 18 15 29 11 27 29 16 9 21 4 22 16 9 28 1 7 9 26 14 28 5 16 15 14 7 17 13 26 25 2 27 4 8 30 14 22 21 17 9 24 17 17 13 8 30 30 23 17 12 
1 1 23 6 16 3 15 15 22 9 3 13 3 15 11 8 26 1 11 12 3 25 17 16 1 24 22 10 22 12 20 28 6 29 15 9 6 20 3 21 17 29 11 24 9 1 3 5 1 16 29 27 17 22 28 19 6 23 14 12 15 6 30 30 7 17 5 17 6 12 17 17 27 3 21 17 1 21 16 30 17 17 22 3 22 8 3 
3 22 21 30 14 27 22 13 3 8 26 20 1 13 20 24 13 1 20 21 14 29 23 29 30 17 28 8 26 16 25 25 26 7 10 25 8 24 14 1 13 16 9 21 27 1 6 28 8 16 18 2 10 26 26 21 22 17 17 10 24 19 9 26 30 21 30 7 19 6 22 14 14 9 6 7 23 8 17 23 26 25 28 27 27 18 22 
28 23 19 6 14 23 7 23 22 7 3 13 20 12 17 16 25 6 20 10 9 8 18 9 7 10 9 4 16 4 26 7 13 24 7 5 5 23 5 21 18 26 24 16 23 5 26 19 25 12 28 26 23 28 12 2 11 10 13 17 22 8 2 25 27 1 21 23 17 16 4 9 14 1 2 27 18 16 5 4 22 15 26 13 27 18 22 
7 4 8 14 21 15 21 7 11 12 19 12 8 25 8 17 29 26 16 27 11 7 10 20 2 27 6 29 12 4 4 24 15 24 7 4 14 14 4 9 27 18 12 1 25 15 19 27 12 21 20 12 30 12 25 22 2 6 6 14 2 13 14 6 19 7 11 26 4 22 27 10 7 10 29 11 3 6 15 15 21 26 12 1 20 29 2 
27 19 15 6 29 29 2 16 10 16 3 13 7 9 19 4 1 6 14 17 3 7 13 27 14 23 21 13 8 20 26 1 3 8 19 6 25 3 24 24 19 3 10 16 11 12 23 12 29 29 29 28 18 21 18 13 24 6 11 30 14 18 26 28 20 11 2 15 11 27 14 2 6 19 15 8 14 10 14 23 14 30 30 14 14 28 8 
14 2 20 12 24 25 23 12 12 27 18 27 3 13 23 18 4 7 24 17 12 4 19 14 26 18 13 25 6 18 24 20 25 27 5 1 8 27 11 6 10 10 17 21 11 27 2 6 5 18 11 14 18 22 28 3 4 25 21 19 17 22 26 7 21 9 12 2 7 14 3 30 17 21 13 16 17 10 17 19 10 14 22 6 21 9 11 
4 15 25 24 21 2 17 1 3 3 18 11 2 1 17 7 14 24 6 29 10 23 20 30 11 18 23 14 5 1 1 26 5 18 12 21 24 11 22 27 22 3 30 21 9 3 5 17 17 25 22 23 14 20 18 16 19 9 4 17 26 8 7 6 26 3 5 7 9 9 2 25 26 13 15 3 15 10 30 30 8 24 18 7 17 23 11 
19 4 3 29 13 1 26 9 2 15 30 17 9 27 4 24 20 5 22 1 19 24 16 6 3 9 11 18 25 2 23 24 16 3 2 28 1 7 7 19 9 29 27 10 9 2 26 18 7 23 9 5 21 4 16 6 17 24 21 13 22 18 5 12 16 25 5 24 29 20 11 28 14 23 28 3 19 21 21 27 18 23 23 30 7 19 30 
8 9 12 12 7 11 14 2 27 15 1 2 27 17 17 18 30 25 11 16 4 7 5 17 12 24 10 7 4 16 13 27 30 20 24 8 10 6 26 30 22 15 25 19 9 16 22 15 23 26 1 2 21 27 22 24 23 24 12 11 25 22 22 1 15 28 9 15 18 10 16 18 12 4 13 30 17 27 2 16 24 4 14 26 13 8 21 
8 7 24 14 8 13 23 17 17 17 13 20 3 1 27 28 28 16 23 17 7 2 15 6 5 23 15 25 13 25 26 8 3 29 23 1 27 28 19 13 2 24 6 29 19 26 3 17 26 17 11 2 4 7 27 29 8 19 22 23 13 19 30 25 25 25 1 23 15 24 28 14 10 27 7 11 30 13 8 14 28 1 4 11 6 19 1 
4 23 29 13 11 13 22 2 20 27 7 27 16 21 5 1 22 19 26 13 30 11 4 22 24 11 26 13 4 28 2 1 16 23 14 23 26 30 15 3 2 16 13 3 7 2 17 10 16 4 29 9 15 18 20 23 5 15 27 26 18 3 3 12 12 18 8 15 16 19 23 18 9 6 16 9 9 27 2 5 13 6 12 21 5 13 15 
15 1 3 17 10 9 18 27 5 28 5 25 2 13 11 30 20 1 12 20 5 30 12 9 19 20 4 29 20 16 14 25 14 3 24 4 24 10 25 14 29 19 28 9 23 27 5 30 4 27 17 5 11 13 26 15 4 22 20 5 9 1 8 25 18 22 1 8 25 9 13 17 23 30 30 26 28 29 3 14 21 1 11 23 12 9 4 
2 20 1 24 26 1 20 6 1 5 12 26 21 12 29 4 11 21 24 8 12 6 21 6 8 26 5 28 26 6 1 22 22 7 22 16 26 6 18 13 1 10 30 13 9 30 29 14 29 1 17 15 15 15 7 27 6 3 22 6 3 27 26 27 20 24 10 17 10 2 16 28 14 23 27 13 20 17 28 20 30 7 16 11 27 22 16 
13 18 19 8 16 4 20 3 7 4 7 4 23 9 1 28 27 23 26 13 24 11 9 16 3 15 8 16 27 22 18 3 28 30 10 30 25 19 18 6 27 11 29 21 29 4 19 5 6 23 1 28 16 4 16 18 17 18 1 4 23 29 6 6 26 21 14 18 20 17 25 10 5 8 5 29 6 5 23 21 19 15 25 21 17 5 8 
7 11 9 17 26 12 18 2 11 18 7 2 5 18 20 1 23 25 18 15 5 16 13 4 25 12 14 24 19 22 25 14 21 1 26 18 13 29 6 20 4 9 19 29 17 5 28 18 25 27 13 5 30 14 4 16 8 14 11 30 28 2 12 17 26 10 10 9 16 3 16 17 28 13 11 18 29 2 26 28 8 24 27 25 4 21 19 
28 20 14 25 20 19 5 30 6 29 16 4 14 25 5 25 15 21 2 27 3 8 28 24 4 17 12 10 19 23 10 29 9 21 10 21 29 12 12 15 23 15 27 14 15 19 10 9 25 28 18 15 26 16 4 24 18 4 6 3 22 1 13 14 10 22 2 21 26 23 2 29 15 21 23 6 24 16 4 27 27 18 22 30 26 9 2 
13 10 22 12 12 2 30 19 22 12 21 23 9 14 11 15 5 21 18 29 28 5 13 1 1 15 3 19 23 26 30 30 21 11 2 22 10 14 19 25 10 11 2 4 7 23 11 26 29 16 26 15 9 17 20 5 21 14 18 10 5 2 15 22 12 28 5 19 22 10 12 4 13 11 26 4 26 4 1 5 21 22 2 1 27 19 13 
23 24 2 28 5 28 22 30 27 11 8 22 17 14 4 17 27 14 21 12 5 6 25 2 16 29 24 12 17 8 26 11 4 21 18 18 6 17 16 9 24 10 24 13 7 23 14 23 18 18 8 30 18 1 13 27 26 27 4 27 13 3 29 10 14 18 21 5 8 12 25 13 21 8 11 5 6 21 7 14 27 7 4 10 22 10 20 
19 30 4 13 4 25 15 14 29 22 5 7 26 1 11 9 18 7 14 17 17 14 3 2 19 13 3 6 24 7 7 27 23 7 24 20 5 14 17 4 15 7 10 6 16 19 19 2 15 21 21 11 3 27 29 18 24 5 5 9 15 1 17 11 26 12 29 3 4 2 17 14 30 4 18 10 8 3 6 13 11 27 22 10 24 27 13 
1 11 21 13 16 30 3 13 3 4 2 8 9 16 5 28 28 24 24 11 2 10 26 28 2 10 13 20 26 23 17 25 15 21 19 12 11 13 7 12 3 12 12 22 4 18 7 28 17 4 18 28 20 23 11 26 1 3 20 1 13 11 14 2 28 15 18 30 16 25 22 16 20 8 8 8 24 29 13 1 25 15 24 24 19 4 26 
16 14 28 2 30 11 26 14 19 3 7 3 5 7 15 22 19 21 12 11 6 6 24 25 7 14 19 16 14 9 28 17 14 20 30 12 6 19 2 2 8 24 7 20 22 23 1 9 14 13 13 16 30 12 26 1 10 14 13 25 23 25 4 5 3 7 10 1 9 30 21 23 28 3 4 10 9 7 4 24 10 20 26 9 9 13 14 
29 2 18 6 9 13 27 9 2 27 17 16 27 5 19 10 12 19 8 10 15 22 19 11 11 3 27 28 19 3 29 3 25 20 28 18 7 20 21 3 10 12 15 13 15 12 9 26 3 3 10 4 2 25 28 17 20 30 17 8 8 3 9 5 24 3 7 1 16 8 3 23 7 2 22 29 24 23 30 10 21 12 5 13 9 15 15 
12 24 26 10 25 4 26 22 20 19 2 3 10 26 23 10 16 17 1 7 12 24 23 18 1 25 24 11 17 12 6 1 11 22 27 2 7 9 13 3 7 12 13 14 9 26 18 7 12 2 5 13 21 27 18 20 30 15 20 28 4 22 30 12 9 18 23 26 29 22 14 24 6 24 12 12 15 12 1 9 17 12 4 20 15 14 9 
27 27 5 8 1 22 5 4 20 18 30 29 7 10 29 26 21 27 2 7 6 1 22 19 13 7 18 12 11 21 10 19 30 4 11 8 29 12 18 25 29 12 5 8 15 24 27 18 12 21 15 29 3 13 5 1 23 28 4 29 16 12 12 15 1 1 28 18 29 15 29 9 22 7 12 15 17 19 29 26 10 9 10 19 18 3 13 
25 6 19 15 26 16 30 6 29 18 22 2 2 6 10 25 2 20 10 16 23 24 7 30 11 16 14 27 21 5 20 24 18 5 7 24 8 21 10 2 30 12 9 3 15 26 19 11 18 23 29 10 28 2 28 6 18 12 28 8 8 28 22 12 7 18 17 13 1 5 20 7 8 26 10 15 10 11 14 20 10 21 9 30 27 1 1 
11 9 9 28 28 6 23 1 2 25 2 28 21 25 10 9 26 6 15 27 25 27 2 13 3 18 7 24 23 23 15 12 12 17 19 2 4 28 2 30 1 15 21 12 4 19 13 1 19 1 22 29 18 10 11 17 7 21 18 21 16 21 21 12 1 20 30 28 2 13 29 19 24 5 7 3 16 5 3 19 14 28 11 19 5 2 29 
19 24 17 27 24 2 11 17 2 25 14 7 16 29 16 12 6 3 24 1 1 19 3 14 17 20 3 22 22 16 12 14 22 28 16 14 14 3 16 4 11 14 1 20 13 22 14 21 17 20 4 3 29 21 12 24 26 8 3 28 2 28 8 17 28 3 28 8 22 11 23 13 17 17 22 24 28 9 28 1 27 15 27 5 4 1 2 
28 3 19 27 14 24 13 1 16 3 22 6 14 28 17 26 3 25 23 9 28 9 22 21 22 23 19 8 3 22 19 8 24 1 16 7 21 20 1 15 25 11 28 16 9 30 27 27 6 30 25 3 26 28 4 7 26 9 13 21 29 10 24 13 12 6 26 13 23 24 17 26 15 1 3 24 24 10 14 30 15 27 24 29 27 25 28 
10 17 28 2 1 11 2 1 10 21 20 9 19 9 17 21 14 23 24 22 14 30 26 20 21 21 26 19 25 19 2 11 20 17 9 12 23 11 4 29 26 30 4 12 6 12 17 7 9 5 1 4 14 10 21 19 9 27 1 29 10 28 12 12 24 14 6 30 21 22 28 11 28 16 21 23 13 26 1 7 26 6 5 1 22 5 13 
16 23 4 26 9 27 13 21 10 4 23 5 11 14 14 28 28 16 21 23 11 17 3 5 1 1 22 14 7 9 27 21 25 10 12 2 9 20 15 26 17 19 24 2 17 17 16 27 10 11 3 16 21 6 4 28 25 22 22 26 10 19 10 30 3 23 6 25 16 17 23 23 8 8 17 9 22 17 20 5 17 23 5 20 12 15 7 
26 19 20 30 5 6 9 30 7 25 30 14 23 9 10 6 21 19 17 8 17 2 23 7 3 21 17 26 21 18 17 30 21 21 17 15 11 30 24 27 22 18 21 20 12 24 14 4 25 29 8 15 9 14 29 16 10 29 25 9 29 8 12 24 5 17 12 21 11 27 8 22 3 6 15 8 11 6 10 9 25 1 15 26 10 8 21 
24 4 1 20 21 24 7 5 6 20 21 15 7 18 24 12 26 22 23 24 24 5 5 13 17 3 20 14 10 14 10 4 15 15 17 15 18 19 17 1 6 7 8 19 18 13 20 12 23 3 18 9 16 20 21 22 26 1 9 22 9 24 24 3 29 8 7 30 27 10 19 19 1 3 27 4 6 21 25 24 17 3 18 13 18 26 9 
27 19 22 16 30 29 21 12 2 12 2 22 6 22 26 12 16 22 20 1 19 7 29 25 19 8 10 30 20 13 22 3 4 20 9 11 3 3 12 26 23 4 16 11 22 20 6 13 6 14 4 22 18 10 30 19 8 13 10 18 21 19 10 11 25 14 23 16 13 28 18 22 11 11 25 17 3 18 1 25 13 2 16 25 5 27 26 
22 17 14 10 6 23 3 21 25 4 24 30 25 7 11 26 13 17 15 25 19 27 13 4 16 14 7 12 30 11 13 19 29 25 15 16 29 5 28 9 23 20 26 11 3 8 4 13 6 6 30 25 16 8 9 26 12 22 21 18 24 1 11 22 13 25 28 8 5 6 13 10 18 2 26 28 16 18 7 20 19 27 25 2 21 4 18 
16 15 10 12 21 11 22 15 8 30 12 5 29 19 23 18 22 7 16 29 4 2 8 29 13 24 9 30 21 9 26 1 12 20 23 4 3 6 28 13 3 8 2 23 29 10 16 6 28 1 5 29 15 2 28 15 11 25 20 5 25 19 13 1 1 12 12 21 29 4 15 29 28 25 9 13 22 16 28 22 19 16 23 24 16 12 13 
26 24 30 21 16 17 8 14 28 14 27 2 12 25 3 11 27 14 28 4 25 29 9 17 20 2 2 10 18 30 15 18 5 18 11 1 5 27 6 16 22 26 10 15 26 21 5 29 19 21 26 25 25 30 22 16 6 10 14 16 30 8 3 28 17 21 19 16 8 15 29 4 9 4 26 11 16 22 24 25 12 11 11 16 10 8 15 
4 4 20 27 8 27 27 22 15 13 24 14 26 11 16 27 26 21 10 3 27 28 22 7 29 17 28 23 4 23 19 29 15 23 10 24 2 25 13 11 7 10 24 20 3 6 20 22 28 26 6 10 22 27 9 11 16 10 25 2 27 12 14 1 13 15 23 21 23 7 28 26 19 19 23 11 29 21 1 7 9 16 1 26 18 30 16 
10 17 23 27 14 29 2 7 23 10 21 18 10 23 23 17 24 13 8 13 11 16 8 26 21 9 14 4 12 1 8 26 10 28 25 17 18 28 26 26 1 15 10 8 7 6 2 8 26 17 1 4 26 23 14 27 21 8 13 1 14 19 29 20 11 10 7 19 15 12 18 16 10 13 19 23 22 3 18 22 9 11 14 9 1 18 22 
26 26 16 6 19 7 4 16 22 30 24 27 5 16 3 1 17 5 13 14 11 12 5 22 8 4 1 28 7 27 13 8 11 17 18 15 10 2 13 16 24 6 5 18 8 24 3 17 9 29 24 29 18 17 20 1 26 26 13 18 4 22 29 9 15 20 22 5 2 27 14 21 19 24 17 8 30 30 21 11 30 6 11 20 10 3 8 
3 21 27 23 26 29 11 24 2 11 4 13 10 16 17 20 24 1 6 8 7 21 2 3 11 2 17 26 29 15 21 2 2 29 11 27 16 4 8 9 8 11 27 17 29 8 5 27 27 29 22 9 4 3 23 4 7 15 24 22 8 26 26 9 20 11 24 26 1 9 16 18 22 17 16 16 3 14 13 12 23 7 26 7 13 19 27 
15 13 9 14 24 22 1 22 5 7 30 24 5 21 27 8 29 5 4 2 17 15 27 6 29 25 20 17 23 11 20 5 29 16 18 4 8 4 6 28 5 22 27 12 23 29 10 9 6 16 3 25 17 17 11 13 30 12 11 4 11 18 2 25 24 19 11 8 15 23 28 19 26 10 3 10 9 14 11 26 13 18 11 13 5 1 16 
11 14 14 12 17 17 15 8 21 22 6 14 6 26 1 21 24 17 4 1 13 14 25 10 17 9 11 20 27 16 4 24 25 19 2 18 8 2 12 22 7 4 12 17 8 27 30 12 22 5 5 23 24 7 28 22 12 25 12 30 11 21 27 18 6 20 14 9 27 26 28 11 8 26 18 9 10 28 17 18 26 5 12 25 22 13 1 
17 13 19 3 17 3 6 24 17 30 13 29 12 5 25 6 14 8 20 10 27 21 5 25 9 7 17 10 3 12 28 7 18 24 29 20 13 23 20 11 27 29 7 29 29 28 5 4 8 17 7 1 2 24 14 26 30 30 19 10 26 19 20 8 30 25 16 29 10 8 30 16 4 2 29 14 2 29 25 13 16 1 22 11 27 3 8 
25 10 23 21 7 9 27 7 10 19 5 3 12 17 24 20 27 15 22 20 15 21 9 17 16 27 26 9 20 26 1 16 22 13 5 16 22 17 18 4 27 5 5 28 21 30 28 14 29 2 17 7 26 19 3 3 14 7 22 18 30 16 26 4 28 13 18 26 18 23 8 21 27 29 26 2 17 5 24 26 8 14 17 19 2 18 14 
16 17 19 23 18 11 21 5 23 27 27 4 8 22 18 8 26 16 25 21 15 20 11 23 16 5 24 20 20 7 22 10 8 22 26 3 29 3 26 19 24 15 14 28 2 30 23 25 23 9 17 22 11 6 12 5 14 23 20 6 10 17 8 11 30 4 26 21 23 8 19 27 1 24 25 19 1 27 4 23 30 11 12 30 25 24 27 
