52 12 3427
23 16 2 21 29 29 20 15 26 5 19 4 
7 4 9 4 3 18 27 26 11 11 25 4 
26 15 30 30 10 24 26 12 5 20 4 9 
23 28 2 22 18 2 9 2 30 11 13 1 
21 28 7 30 7 16 20 16 23 19 4 9 
2 24 9 18 27 17 27 21 20 7 12 12 
19 20 15 4 4 14 30 29 9 19 22 7 
9 28 24 6 25 5 14 7 24 25 25 2 
13 15 19 4 14 20 16 27 7 9 18 11 
28 14 12 1 9 11 3 9 1 26 17 15 
18 17 9 17 18 9 22 24 10 10 23 22 
30 22 23 23 18 18 1 4 3 6 20 6 
11 26 14 30 28 7 19 21 14 11 23 28 
8 25 15 18 6 18 21 1 13 4 14 1 
6 16 26 27 16 27 17 20 17 12 25 26 
5 29 30 4 4 17 29 20 13 24 9 1 
15 11 12 20 28 22 17 2 2 12 23 7 
12 9 25 24 13 2 28 27 3 10 28 12 
2 20 26 6 5 15 3 11 29 18 20 26 
5 9 18 10 11 5 5 29 23 15 17 30 
13 11 15 9 14 14 28 19 9 13 1 18 
14 17 7 14 22 6 4 2 24 11 2 18 
14 15 15 6 9 17 28 10 2 17 26 10 
8 8 11 22 17 19 12 26 9 14 29 18 
22 26 22 5 27 9 13 13 15 2 10 12 
8 26 13 19 25 28 12 18 1 27 15 28 
30 30 2 6 12 3 17 3 18 3 17 4 
1 13 3 19 19 16 17 22 10 12 19 18 
8 15 19 11 27 20 9 5 20 18 8 12 
2 21 28 25 22 20 1 15 1 3 29 18 
6 28 24 6 24 20 8 27 8 15 27 28 
21 21 6 14 6 9 14 20 13 28 21 30 
13 21 9 12 15 15 19 12 26 29 3 9 
2 27 9 24 2 20 6 28 20 24 21 13 
25 19 7 22 27 23 3 24 13 7 6 10 
6 22 20 4 7 4 19 11 19 26 3 21 
11 30 3 30 28 10 20 11 10 10 21 28 
12 29 6 4 7 21 16 27 28 17 20 12 
12 17 22 5 28 12 8 28 7 30 5 30 
12 21 16 17 20 14 16 7 8 13 8 28 
19 15 27 28 5 25 10 3 20 28 7 22 
12 6 7 19 14 22 28 29 26 2 16 22 
21 19 27 1 27 24 30 18 23 2 17 29 
3 11 28 30 16 2 16 28 18 6 4 28 
26 6 8 21 22 8 24 13 4 11 23 18 
8 7 5 16 2 27 23 9 1 22 21 15 
29 7 15 13 17 7 1 12 5 24 28 3 
29 8 15 12 25 15 4 21 6 10 13 25 
25 11 11 23 28 6 18 21 16 4 7 8 
22 5 8 18 26 13 6 24 2 20 11 2 
23 20 17 24 21 19 19 1 14 5 19 5 
17 12 13 9 20 17 3 28 4 10 21 3 
