54 18 375
6 28 16 15 20 2 14 9 19 8 27 23 2 13 17 27 14 3 
3 15 19 8 30 1 24 29 18 8 24 17 22 29 23 12 28 30 
22 3 22 15 18 16 25 30 21 11 8 22 12 29 20 5 18 30 
9 26 20 17 11 26 29 23 19 16 27 15 29 22 20 1 8 19 
26 26 23 2 8 25 10 27 16 30 24 10 3 13 14 18 17 12 
8 11 6 21 8 2 19 16 4 7 25 21 24 19 26 2 29 7 
17 17 2 27 27 29 16 21 27 4 21 3 22 25 4 13 27 3 
29 11 6 4 11 3 7 19 2 20 27 15 6 15 10 12 4 1 
21 19 17 15 18 26 1 2 11 5 9 26 19 17 8 29 28 12 
2 6 18 21 17 13 29 10 25 9 6 5 26 1 30 23 28 7 
22 19 5 18 8 6 7 23 15 12 23 7 7 9 18 24 22 30 
6 16 4 13 4 9 18 3 1 2 28 6 25 23 2 16 7 23 
2 24 1 28 13 29 23 13 6 5 25 5 26 3 4 26 4 14 
23 26 23 25 22 30 2 7 19 5 19 25 5 17 14 3 30 11 
7 25 1 29 27 15 7 6 12 25 4 22 4 9 2 2 13 4 
28 24 22 21 9 2 15 15 29 14 19 10 4 8 6 26 3 3 
12 15 2 13 18 11 1 20 25 13 8 29 10 9 28 8 18 17 
5 30 23 23 6 16 3 16 9 22 24 26 14 15 28 29 9 21 
28 6 5 28 8 22 28 30 18 20 25 9 26 3 17 12 2 25 
14 29 28 21 26 23 12 8 30 26 10 20 9 4 6 21 24 25 
9 9 13 13 29 2 10 2 11 30 30 23 26 16 6 8 29 26 
23 17 18 21 4 7 19 17 4 6 15 20 12 23 14 15 8 11 
8 28 30 30 5 7 5 19 18 26 1 3 1 27 12 6 1 23 
12 13 21 15 24 11 10 19 5 11 18 16 9 30 19 28 20 16 
14 23 17 18 9 9 5 16 12 5 12 14 20 16 11 29 25 29 
11 20 16 5 24 8 19 3 16 19 8 2 14 12 27 22 17 20 
13 3 30 27 1 12 13 18 6 29 1 24 9 7 17 23 23 19 
25 26 6 22 17 22 13 30 5 26 21 17 3 2 21 6 18 26 
22 18 2 24 12 6 24 10 29 30 17 27 10 16 27 10 13 14 
10 27 29 1 17 23 17 9 25 22 5 23 7 22 17 13 25 18 
30 7 8 10 25 15 28 23 28 18 15 8 5 11 4 26 22 30 
2 11 15 1 27 28 16 15 28 27 17 4 7 13 15 15 1 21 
25 29 18 15 25 2 19 28 9 3 3 12 26 24 18 24 3 25 
21 8 19 15 4 28 5 21 11 24 25 20 10 25 15 30 14 21 
7 6 4 23 13 30 9 17 29 19 9 10 24 7 3 14 23 29 
22 20 23 26 28 26 22 30 29 23 6 7 12 21 8 23 14 28 
28 18 13 28 25 12 8 14 18 5 11 3 3 21 26 17 14 15 
4 14 4 25 4 16 24 9 8 30 9 15 9 22 13 25 13 8 
6 3 4 6 16 11 11 9 26 12 20 14 12 22 2 15 14 16 
22 7 28 1 26 7 12 4 22 1 25 26 11 11 13 14 20 13 
15 20 7 19 23 14 30 5 16 10 1 26 22 13 6 20 9 20 
8 11 21 24 4 28 7 28 1 14 28 19 26 1 15 4 30 20 
16 19 30 8 17 25 21 12 13 23 28 9 21 13 16 20 30 3 
22 20 3 10 6 29 3 3 28 24 2 24 20 21 4 1 18 19 
23 24 25 13 27 17 1 11 14 28 16 22 23 5 12 3 13 1 
25 5 2 19 14 20 19 2 15 16 3 7 17 30 26 25 30 29 
30 6 23 1 8 21 3 12 25 7 22 7 4 19 14 4 24 16 
1 3 24 13 28 19 13 10 18 13 30 15 6 11 18 18 23 27 
12 3 21 7 9 11 10 10 27 10 8 28 5 4 11 28 22 16 
17 5 21 21 13 11 28 16 22 6 25 2 25 7 22 12 21 23 
14 24 14 25 10 3 18 27 27 1 4 7 25 17 15 28 30 7 
3 21 23 22 17 9 9 9 4 25 29 28 4 12 24 19 6 25 
6 12 5 14 18 26 9 18 7 23 2 7 4 26 8 21 25 15 
15 17 12 19 11 25 15 1 30 14 21 15 5 27 16 20 14 20 
