63 31 2796
5 24 14 2 17 11 6 29 23 11 10 1 16 2 14 17 25 10 14 13 22 7 23 6 5 7 3 7 6 28 18 
18 12 16 23 26 27 4 15 19 6 10 20 12 24 12 25 20 18 20 15 21 16 20 2 14 27 12 14 1 12 11 
13 25 26 28 15 6 20 13 17 27 11 3 16 29 18 15 30 18 24 18 21 2 18 26 19 15 8 7 2 3 19 
11 28 13 11 17 22 5 5 8 9 25 23 30 30 30 23 11 2 5 2 26 30 28 17 23 18 5 28 5 29 30 
29 9 12 5 22 24 4 30 18 3 24 30 25 8 6 7 18 13 6 8 24 25 23 28 8 18 25 29 27 28 20 
23 17 13 1 20 7 1 14 17 26 27 25 1 1 14 12 14 22 28 15 14 5 15 21 7 9 2 9 29 27 5 
6 9 14 29 9 27 17 6 9 8 17 17 26 10 3 5 4 20 23 18 19 13 29 8 27 2 28 5 17 6 13 
22 5 14 16 25 9 15 21 14 19 23 7 14 21 29 26 13 24 26 3 3 15 1 22 12 29 26 28 27 9 16 
12 15 24 21 15 29 20 12 23 30 5 22 21 21 24 27 3 6 27 14 23 12 19 12 26 1 12 8 22 29 23 
25 10 21 29 27 20 16 16 17 17 4 26 8 8 24 16 26 26 24 20 28 12 11 20 15 30 23 16 28 10 9 
14 21 25 7 7 1 13 16 27 13 16 13 27 27 29 17 15 19 20 28 9 12 12 3 15 10 12 16 4 28 10 
30 2 7 17 16 25 24 23 8 28 8 8 13 6 20 26 7 27 8 20 3 12 15 6 17 19 7 13 30 1 28 
13 12 13 16 18 13 6 16 20 15 26 14 21 16 14 26 29 16 30 28 7 2 24 19 22 17 1 6 2 3 23 
26 28 21 20 24 24 1 15 15 20 4 7 13 4 6 3 9 14 30 4 16 5 24 15 17 15 27 13 8 8 10 
1 5 8 19 1 19 22 11 25 19 1 27 26 10 22 1 23 16 26 28 30 9 20 28 9 30 4 30 21 15 20 
7 19 8 26 7 22 5 7 21 6 21 19 5 24 25 2 26 2 7 7 28 16 27 9 22 9 23 18 18 11 25 
8 27 22 6 21 25 24 12 21 17 17 20 20 8 6 17 9 19 26 6 2 3 4 2 10 17 28 9 24 1 14 
30 22 7 11 14 1 12 30 7 13 10 1 2 7 1 3 30 5 30 1 17 23 6 22 19 9 10 5 20 14 10 
17 14 18 12 26 1 4 9 28 24 13 30 17 23 2 18 6 19 3 20 17 10 24 15 23 11 15 13 7 23 27 
24 9 6 24 3 4 25 28 20 24 6 1 4 17 2 24 8 20 4 24 9 20 3 18 9 25 14 24 15 24 16 
9 3 28 10 30 25 10 11 30 18 10 20 4 11 14 22 26 8 21 10 1 1 21 28 1 28 19 26 6 14 27 
23 19 13 30 12 27 2 3 10 26 10 1 6 3 11 15 21 12 29 8 6 15 20 17 19 12 11 13 22 23 11 
12 9 30 29 9 1 11 8 6 5 22 20 21 20 15 25 2 4 11 23 19 22 10 5 9 3 9 10 21 20 30 
11 17 12 17 1 1 26 24 1 14 1 24 20 28 6 20 7 11 30 7 15 22 7 7 18 28 12 3 25 30 3 
4 24 20 11 24 28 22 9 27 19 3 5 4 25 30 12 25 20 20 28 22 2 24 3 22 10 22 27 19 1 26 
9 1 1 17 14 6 30 24 11 9 30 9 8 30 15 16 30 8 26 14 17 28 23 17 24 4 26 27 4 8 26 
4 3 9 1 17 8 3 14 29 6 16 10 28 1 16 7 8 1 9 21 10 22 4 2 6 4 24 30 20 6 29 
22 26 22 12 19 21 28 4 6 24 17 5 28 7 12 29 4 5 30 24 12 9 17 14 23 22 20 13 4 1 12 
23 11 23 7 14 1 15 11 5 10 11 26 1 7 14 17 4 8 19 8 30 21 22 15 26 16 2 26 13 8 10 
7 8 10 18 30 11 28 10 4 18 3 5 28 26 29 17 22 3 26 16 26 5 7 26 15 17 6 16 3 26 29 
25 16 7 28 12 22 4 24 11 7 4 20 17 13 18 17 14 9 28 21 7 6 27 4 27 19 22 29 4 16 3 
24 20 13 2 27 22 15 6 10 12 25 10 6 23 4 23 23 14 5 10 7 17 18 4 7 18 30 1 20 5 23 
28 18 7 17 26 26 1 2 16 20 24 22 3 28 20 11 25 22 7 10 3 25 13 16 30 8 19 29 23 10 27 
14 27 27 17 29 11 4 21 5 9 18 28 4 26 7 24 3 28 6 4 29 20 22 9 21 4 22 23 17 7 10 
18 11 5 30 11 1 27 25 10 3 30 15 24 25 24 11 12 23 22 25 29 14 13 9 19 23 22 18 21 23 1 
4 25 11 6 25 5 4 8 1 9 23 6 18 18 16 6 4 3 7 25 30 16 7 13 21 11 10 23 16 15 30 
1 27 15 21 19 1 8 5 4 15 4 1 16 23 15 11 4 18 17 28 23 20 9 21 9 26 17 14 4 26 22 
11 29 7 13 18 22 23 17 28 1 15 25 27 21 18 25 28 11 20 12 22 9 16 2 22 13 22 4 3 23 14 
2 27 28 12 20 20 30 8 15 17 8 20 12 29 3 17 8 28 24 7 18 9 8 14 13 13 2 16 6 13 27 
29 4 18 11 20 10 23 12 21 12 2 15 1 24 15 8 20 4 22 17 5 18 30 10 17 4 15 5 30 16 3 
10 14 21 19 29 20 12 28 14 18 13 14 3 17 13 5 18 10 6 14 16 5 8 16 6 11 13 2 27 17 15 
12 10 21 5 27 21 28 17 14 21 16 30 2 1 27 6 4 30 21 12 17 18 25 25 6 12 2 15 3 24 26 
6 21 17 30 30 18 30 22 20 13 23 3 17 22 4 5 27 2 7 8 8 6 3 20 8 11 28 30 2 7 14 
26 15 16 22 14 12 14 21 23 1 20 8 3 10 1 19 10 11 16 29 22 6 22 5 25 6 11 15 28 7 4 
14 8 5 15 4 3 23 14 6 21 30 9 14 1 13 8 25 18 21 27 6 13 29 23 12 23 1 3 12 21 8 
23 26 13 1 27 29 7 27 10 11 18 21 8 5 3 16 29 26 28 6 27 2 12 15 21 18 25 17 13 18 15 
30 19 11 13 14 8 11 28 4 4 4 11 12 22 1 19 9 15 24 26 14 23 21 25 9 14 14 13 2 22 28 
2 20 2 22 3 22 27 16 16 14 28 2 9 5 26 1 25 24 20 14 2 12 13 11 2 13 13 22 10 9 29 
12 7 19 16 27 16 23 3 28 19 26 17 13 2 29 4 24 22 10 20 5 26 29 30 2 25 12 22 2 29 18 
16 10 25 5 7 22 29 1 10 11 25 17 21 12 1 27 22 22 11 6 16 25 1 18 10 19 26 29 28 27 19 
13 2 4 18 23 22 28 20 14 4 12 16 3 19 23 26 28 7 6 27 13 3 12 25 18 9 14 23 21 20 8 
29 11 11 12 3 13 26 11 10 1 19 28 2 6 14 9 25 9 21 12 28 23 27 1 16 2 25 13 2 29 26 
4 1 8 21 18 10 18 9 28 19 5 24 7 9 20 1 30 6 24 14 17 9 27 16 25 29 21 24 18 6 2 
23 17 26 5 23 30 21 18 24 14 30 10 11 26 10 15 4 20 17 15 25 2 21 22 4 16 16 3 20 7 7 
16 19 10 19 23 20 27 27 8 17 5 10 18 28 11 26 10 24 2 23 20 22 9 16 23 18 21 5 16 27 12 
16 18 12 4 5 11 20 14 17 6 25 5 21 16 16 20 17 12 28 22 15 26 7 21 12 7 3 28 28 25 5 
9 29 17 10 2 4 11 2 16 21 21 25 27 25 12 23 9 15 13 17 9 10 17 27 19 25 30 28 12 3 16 
9 14 14 23 14 12 26 9 12 27 4 19 25 20 17 17 14 12 29 17 17 29 26 7 7 25 13 15 9 29 2 
14 21 25 9 3 1 11 5 2 6 13 16 5 7 11 15 26 1 20 20 1 11 20 27 28 28 8 4 22 2 20 
23 9 22 29 16 1 25 4 6 1 6 12 28 16 2 14 25 10 5 26 3 21 18 6 9 28 27 17 12 22 22 
4 16 11 16 11 7 6 20 5 24 7 2 23 23 19 25 29 4 22 19 26 5 10 22 20 20 22 8 21 27 27 
29 26 21 7 15 27 12 17 19 29 16 28 12 21 12 10 12 12 11 12 7 11 2 29 28 7 15 1 26 15 27 
4 10 16 5 19 10 19 7 11 1 13 5 20 20 17 21 24 14 18 3 26 2 7 1 7 7 11 19 1 25 29 
