29 70 2186
15 17 11 27 7 24 30 3 13 29 11 5 14 22 9 16 19 24 9 20 19 26 13 30 23 4 21 7 11 8 21 29 8 1 2 28 18 16 12 21 6 28 20 1 8 9 24 11 1 10 5 3 23 2 30 28 10 15 10 27 8 18 25 1 12 3 13 9 7 28 
29 11 5 26 8 23 19 11 5 22 19 10 6 7 8 6 2 16 27 8 8 10 19 22 27 22 11 9 13 4 5 23 16 2 30 20 27 23 15 24 12 27 26 25 22 3 11 24 28 27 30 10 19 26 26 28 3 5 11 20 17 11 28 7 23 27 22 25 10 19 
26 11 19 27 11 21 27 28 14 2 25 11 15 8 15 4 26 28 11 8 23 4 11 7 30 30 21 8 7 20 15 8 19 24 17 17 25 26 26 8 4 13 30 21 23 21 15 24 10 20 7 9 11 20 9 1 24 3 7 4 28 6 1 22 25 12 5 9 22 20 
1 24 5 10 17 4 22 7 13 20 20 11 24 30 14 30 4 17 15 14 13 16 21 9 14 7 14 8 2 23 15 9 3 27 22 21 15 15 5 1 16 7 19 30 23 23 16 18 11 23 30 29 16 28 8 8 2 4 28 26 19 1 24 1 10 2 4 19 28 26 
3 26 8 15 3 29 26 22 4 2 22 5 2 21 18 1 18 5 1 27 23 25 24 9 27 18 26 20 18 1 25 28 1 17 26 8 24 17 30 15 19 15 26 16 12 7 8 19 17 1 13 6 2 28 29 30 24 20 4 3 18 7 24 10 12 5 22 17 23 6 
28 15 1 26 24 20 17 19 14 19 19 26 1 26 3 16 16 4 13 1 26 3 11 30 4 26 16 16 4 7 9 2 21 3 17 23 19 21 18 18 2 6 20 15 8 26 1 29 19 5 9 3 10 15 3 16 29 1 11 15 24 14 1 24 5 15 13 1 24 10 
12 22 2 4 15 8 1 28 13 8 25 19 12 6 14 5 28 28 5 28 4 19 28 24 23 9 24 3 17 24 14 23 12 5 7 17 19 14 5 7 4 23 24 11 10 21 25 21 21 15 30 7 30 3 24 17 29 20 8 21 11 29 24 20 15 27 15 14 6 9 
18 11 23 24 28 28 15 25 4 4 2 22 9 24 17 1 22 11 9 14 11 18 7 12 20 14 7 24 5 23 4 7 18 17 20 5 30 29 19 23 28 12 2 4 28 18 21 25 11 26 25 24 8 21 20 19 14 20 26 5 4 26 21 24 25 20 23 24 26 13 
28 3 21 28 5 21 14 22 2 30 7 26 7 24 20 17 3 18 7 11 17 23 24 15 11 2 30 1 12 29 15 25 27 22 23 7 13 11 23 3 6 4 5 1 17 2 18 2 18 2 18 24 3 26 18 28 29 2 18 17 13 17 1 16 3 22 19 21 28 18 
11 20 22 6 22 15 12 7 20 22 11 22 18 19 11 2 7 27 3 20 21 9 16 5 20 21 13 9 1 17 13 5 8 28 26 8 18 27 28 3 29 26 18 10 18 21 5 14 11 26 27 18 12 11 23 20 1 15 25 8 12 11 19 12 18 2 11 3 4 21 
8 14 8 3 2 1 4 7 8 18 15 27 17 6 28 15 30 27 22 2 21 9 8 21 28 12 21 27 15 18 16 13 23 26 30 13 5 9 13 12 11 6 5 17 21 12 15 2 25 9 23 18 10 16 13 12 12 22 29 8 14 28 19 5 19 17 21 29 4 4 
8 18 21 5 12 28 19 3 15 11 7 4 7 20 18 10 24 7 18 25 29 9 5 28 20 21 24 25 5 13 13 14 5 5 2 13 17 20 14 20 10 2 8 22 1 5 20 15 25 3 21 30 15 27 2 18 6 19 24 25 11 21 26 15 7 6 3 10 6 30 
28 23 15 16 9 16 23 12 20 7 27 1 11 30 8 28 11 28 22 22 16 7 8 16 24 7 17 22 21 23 30 24 10 15 9 13 8 25 22 26 8 29 9 4 8 9 19 16 23 15 12 14 11 18 21 23 13 27 12 5 17 18 7 24 1 2 29 16 9 8 
21 19 7 6 9 9 10 21 26 10 27 10 7 16 6 21 1 15 5 5 8 24 4 10 28 30 27 14 2 30 29 22 3 29 25 2 4 13 12 1 4 5 4 25 28 29 7 9 19 2 9 8 21 15 25 22 16 17 26 12 10 24 26 3 20 23 25 3 29 12 
4 7 19 8 19 13 24 25 17 4 13 12 5 11 16 8 27 2 23 18 8 27 30 5 27 10 27 30 8 22 3 15 26 16 23 28 15 12 18 23 21 7 30 15 20 11 8 3 29 7 8 4 5 21 23 10 26 27 19 3 22 18 9 15 27 7 4 24 27 16 
17 13 25 3 3 26 5 28 9 13 7 13 14 20 29 1 3 7 2 18 5 7 27 13 7 30 7 14 6 9 4 2 14 21 25 22 27 5 5 3 25 29 15 3 24 5 27 10 19 26 7 5 13 18 5 14 1 1 23 16 30 28 9 18 13 1 26 14 7 14 
15 22 27 26 1 2 22 15 15 26 14 28 27 7 28 23 20 5 6 26 21 2 6 11 9 6 24 6 3 14 16 7 29 15 25 27 16 9 6 7 1 26 12 25 29 24 19 25 23 8 25 29 19 11 17 28 25 13 7 12 16 4 18 10 10 20 24 5 9 19 
19 13 28 9 13 19 15 17 8 16 15 29 22 29 15 30 29 19 29 12 15 15 14 21 11 18 17 30 4 2 11 12 24 28 11 5 14 16 25 26 14 1 17 25 19 8 27 26 25 17 30 6 11 9 1 19 8 1 5 4 7 13 16 8 21 20 12 15 18 5 
8 10 23 8 1 7 19 4 22 26 24 1 23 3 15 7 3 11 28 29 17 29 24 30 16 23 23 27 27 25 7 24 1 8 28 7 25 17 10 14 19 28 19 4 9 20 21 28 16 29 15 9 21 19 15 2 6 23 7 16 20 10 30 5 19 4 6 15 16 14 
20 23 11 25 20 3 23 13 14 5 19 17 23 26 30 30 7 4 5 15 27 30 14 10 1 12 11 24 18 17 30 2 22 20 12 7 2 25 2 25 13 5 21 4 29 17 2 12 28 13 1 3 12 1 27 30 22 20 4 3 15 2 7 15 21 7 27 22 15 5 
6 14 18 6 14 20 5 7 20 28 16 27 24 14 23 7 26 15 3 22 8 13 1 11 19 26 12 23 13 24 21 23 21 13 22 27 3 16 27 3 15 23 5 21 9 4 8 12 29 19 19 6 28 1 9 21 18 3 25 12 1 18 2 9 12 21 30 12 5 4 
14 11 21 2 27 20 19 27 26 9 2 28 5 7 30 29 4 24 2 11 9 30 2 10 19 22 15 26 3 25 13 30 19 22 24 24 11 20 13 27 12 13 26 20 8 12 20 23 19 30 24 7 2 29 26 4 30 8 14 17 9 7 27 26 9 26 11 29 28 24 
8 21 18 30 13 21 11 8 15 10 21 18 8 6 18 21 18 11 4 20 8 18 5 10 12 16 29 16 6 23 11 13 6 22 16 24 2 1 17 25 5 7 11 14 22 22 29 10 9 30 14 27 5 13 26 10 26 3 9 26 17 10 27 15 5 24 17 27 23 14 
13 25 15 25 6 25 23 18 13 23 29 27 27 10 12 15 22 12 27 14 13 15 11 6 8 20 26 18 13 9 15 9 18 18 11 24 11 21 11 25 3 4 25 29 17 9 25 16 16 27 24 24 15 22 20 24 1 18 20 22 21 17 25 9 26 24 16 3 24 9 
7 6 20 19 20 5 19 18 27 20 27 18 25 30 10 6 2 29 24 18 2 1 14 23 8 8 22 7 20 25 4 14 14 26 27 14 1 17 26 10 11 6 17 1 28 1 28 13 9 12 12 15 18 21 13 7 16 17 4 20 23 26 13 17 8 6 23 26 3 20 
22 17 19 23 13 17 30 22 15 29 7 5 28 6 8 1 19 6 25 13 6 20 17 17 12 16 10 15 16 2 13 12 27 1 27 7 24 1 21 14 9 25 26 12 4 19 26 27 3 10 16 30 24 17 19 19 9 19 14 9 24 14 7 8 5 22 30 20 15 14 
25 10 20 22 19 28 4 7 25 5 13 15 29 7 28 14 12 13 11 6 20 3 29 30 25 21 2 6 10 18 26 30 15 22 1 23 18 12 8 18 1 12 10 29 6 6 16 18 5 10 1 16 10 17 28 27 6 14 6 29 29 24 5 24 26 8 5 8 9 21 
27 9 24 1 28 7 20 13 1 2 5 28 18 12 5 25 22 3 30 8 26 15 1 16 9 20 18 13 28 5 11 4 2 11 30 13 28 15 18 4 7 14 9 6 1 27 16 11 7 6 29 4 3 13 29 27 2 20 25 17 6 22 29 26 25 16 30 8 4 5 
19 5 3 14 24 18 2 4 7 8 19 23 28 10 9 24 24 9 13 27 17 17 4 9 1 5 26 17 11 10 19 20 15 21 18 24 22 11 16 1 30 16 7 17 24 24 6 7 10 2 21 14 9 24 23 15 7 14 1 22 14 22 21 27 25 8 23 24 22 13 
