73 28 2233
2 4 5 3 11 8 22 6 4 5 16 23 11 10 1 24 9 9 21 25 19 3 7 5 27 22 2 18 
30 8 7 17 28 6 30 12 26 27 25 24 5 26 16 29 13 4 1 13 2 6 6 14 5 21 30 6 
17 10 21 26 29 9 9 17 5 4 23 26 5 3 7 24 1 26 24 25 5 14 27 24 8 3 20 5 
21 13 11 24 7 3 29 12 27 26 21 15 3 8 24 19 19 7 8 28 26 18 12 30 25 3 25 16 
13 20 3 2 6 29 18 7 28 30 12 14 7 3 27 14 20 24 21 26 12 25 3 24 20 21 13 16 
4 13 2 18 3 7 17 18 6 23 1 11 13 29 30 25 25 30 10 19 20 2 26 13 17 4 23 21 
7 25 27 7 3 6 12 12 2 3 29 8 12 14 7 16 8 9 16 25 29 30 25 22 20 27 27 12 
18 7 9 2 5 14 15 18 7 12 25 14 30 22 1 15 17 19 17 5 27 11 4 19 8 15 5 3 
1 29 27 25 15 11 18 9 3 8 3 24 18 20 16 1 7 3 3 28 24 15 24 26 13 9 19 12 
21 7 23 26 15 22 28 18 22 25 23 12 29 28 11 14 11 26 24 21 1 21 10 15 20 3 25 7 
19 11 13 1 3 23 1 15 15 4 11 20 26 9 7 29 22 16 26 12 11 5 8 7 21 26 4 11 
6 10 19 1 16 23 10 1 11 28 16 20 14 6 19 14 1 28 24 17 19 3 1 9 5 26 28 24 
16 6 28 18 21 23 24 29 19 26 15 4 26 2 4 8 8 26 12 29 8 8 8 21 29 24 10 4 
20 21 11 29 3 14 26 27 8 16 10 1 26 14 12 1 22 11 22 8 16 17 23 26 29 29 1 19 
17 27 27 19 8 27 10 22 29 2 15 26 10 6 17 10 16 14 9 28 4 27 26 27 15 2 6 2 
12 4 11 26 20 20 15 26 27 24 1 10 5 17 15 29 8 9 5 1 21 11 3 3 13 18 6 24 
19 20 13 20 14 8 28 8 3 22 4 22 3 30 30 25 4 8 25 20 19 5 28 24 2 18 10 23 
28 25 21 27 4 13 4 24 16 17 7 15 28 29 30 12 7 6 9 20 6 15 12 25 1 13 11 1 
13 1 24 4 20 16 4 20 9 19 8 13 9 7 4 2 19 10 17 23 18 3 9 23 8 21 29 12 
11 26 20 17 17 11 29 16 16 22 5 17 7 9 22 4 18 24 18 3 13 9 18 27 17 16 17 25 
8 11 14 13 5 8 18 26 1 12 21 7 4 12 24 26 12 5 23 12 7 4 21 17 23 19 23 26 
2 7 16 11 30 18 2 24 27 17 28 24 22 17 16 14 24 5 4 6 20 15 11 6 11 19 27 9 
26 26 6 24 24 24 19 10 14 15 5 16 24 6 9 27 2 3 28 27 26 5 25 22 3 6 25 19 
8 19 29 11 22 12 9 10 27 30 2 8 3 20 16 14 4 20 29 2 8 6 4 11 13 10 13 27 
16 28 4 27 27 14 22 17 12 18 7 21 26 19 8 22 22 10 21 16 21 28 26 18 4 14 26 6 
25 7 5 28 8 14 18 14 3 8 22 27 7 3 18 18 2 3 11 25 6 8 28 17 30 16 28 24 
29 25 20 11 12 5 3 8 15 6 11 20 24 25 30 24 24 18 22 8 15 30 23 9 15 1 22 5 
3 4 30 1 15 19 29 30 8 15 22 17 25 20 7 24 13 28 19 8 29 2 21 9 23 15 12 30 
29 4 7 1 28 11 24 18 7 22 8 15 20 8 13 10 8 16 5 26 14 8 1 5 9 28 22 16 
5 8 30 13 21 20 7 12 27 18 18 23 20 25 13 17 20 3 5 17 19 28 16 8 12 23 10 3 
21 22 6 19 22 14 2 29 4 22 21 5 11 11 7 16 19 22 11 15 27 1 24 16 29 13 5 19 
4 25 16 25 6 1 25 26 25 28 20 11 6 22 9 30 6 1 4 3 29 7 19 5 30 28 2 5 
29 3 9 3 2 3 30 16 4 29 25 2 7 6 10 30 9 27 21 22 1 8 23 1 6 26 23 24 
26 25 15 11 9 14 30 6 5 4 2 6 16 18 9 5 30 7 18 26 4 16 24 14 7 13 8 22 
25 28 17 28 14 18 4 16 28 9 3 14 17 30 11 11 13 22 16 25 23 22 2 27 12 26 8 14 
22 5 29 4 28 26 11 23 12 26 14 28 14 27 16 17 14 26 23 4 29 4 19 3 1 6 11 15 
3 2 5 21 6 6 2 17 11 12 2 27 17 5 8 3 3 20 27 8 22 3 13 11 23 22 10 18 
27 16 12 28 11 27 27 9 11 16 3 7 17 6 24 25 26 29 21 4 21 6 17 11 6 30 14 25 
17 4 3 14 23 12 11 16 5 15 16 16 30 17 16 2 20 3 22 26 13 25 18 16 24 8 14 30 
26 13 30 25 6 21 7 12 11 14 8 1 16 4 20 11 18 4 26 3 19 28 8 4 9 6 6 6 
25 9 14 13 17 19 25 12 6 14 4 7 18 14 29 16 2 26 27 12 20 1 27 26 19 26 12 14 
9 29 10 26 12 26 23 9 25 4 5 7 13 12 20 30 2 3 30 29 8 23 18 23 30 26 3 14 
17 25 29 25 8 14 30 7 19 16 12 9 25 13 2 20 3 22 30 17 10 14 12 6 4 24 7 24 
5 3 18 6 21 8 18 19 14 30 7 10 26 4 11 28 23 6 19 23 9 23 14 27 21 23 26 29 
9 10 21 20 17 9 6 9 30 10 23 9 22 18 23 13 18 24 4 30 11 15 5 18 18 8 2 8 
7 8 9 24 3 30 17 11 20 7 29 18 29 13 16 19 12 11 26 3 3 11 9 9 20 14 22 14 
14 25 8 13 11 24 18 29 27 23 30 18 16 29 15 28 3 27 28 16 7 30 30 23 5 24 20 17 
21 5 25 14 2 18 4 7 28 27 6 27 8 10 1 19 28 16 23 26 19 6 20 1 15 6 18 15 
16 18 18 20 24 1 15 15 6 1 3 17 1 21 14 28 12 12 5 11 15 7 17 30 17 16 15 18 
4 11 13 6 14 13 17 15 1 25 23 17 29 9 3 3 16 28 7 27 24 20 16 12 15 17 25 27 
2 28 18 3 20 7 25 29 6 15 8 7 19 2 28 30 21 2 21 25 11 22 2 19 14 19 16 17 
5 22 25 16 19 13 30 22 11 2 9 27 22 8 26 12 26 28 2 11 17 1 1 23 21 15 1 8 
25 11 25 23 17 17 7 26 10 18 7 13 4 27 3 14 8 1 21 23 7 10 27 24 29 17 27 29 
30 20 24 1 26 24 25 7 10 26 3 25 16 27 23 24 19 18 28 2 20 15 20 9 29 24 24 25 
5 7 29 1 4 22 13 18 27 6 7 9 17 21 29 27 7 23 10 22 4 10 1 30 13 10 23 23 
10 16 11 4 19 4 17 25 22 29 30 4 11 9 9 28 18 21 8 6 25 6 16 26 26 25 25 11 
8 27 12 19 4 20 23 3 1 16 19 26 25 26 6 17 9 3 20 12 2 18 15 1 7 1 30 10 
23 4 26 17 5 30 3 9 26 5 17 13 15 2 20 17 22 12 6 22 16 12 30 22 29 5 12 1 
22 17 18 13 28 10 28 19 29 25 29 19 29 18 1 5 25 28 5 17 4 23 29 25 19 16 9 4 
1 23 14 2 4 29 15 25 26 21 25 12 5 10 28 7 22 4 13 3 3 5 26 29 26 11 4 1 
30 23 30 27 15 24 28 1 28 2 27 6 25 23 13 1 8 19 6 29 2 29 15 29 6 28 23 13 
16 29 4 16 1 14 23 24 13 30 8 16 27 23 8 21 4 7 30 23 24 8 4 12 10 9 22 23 
19 16 15 14 14 13 23 4 18 18 1 12 30 1 18 5 18 13 18 2 9 8 20 1 29 25 15 18 
28 8 13 7 28 17 15 23 23 24 23 27 18 12 10 22 25 13 23 6 9 5 3 7 20 16 5 28 
14 3 8 12 8 16 10 22 19 19 11 5 26 16 5 30 27 19 26 4 23 27 9 25 1 2 5 9 
6 27 18 1 24 26 23 30 25 11 11 9 7 5 22 20 16 20 7 19 10 16 21 24 18 1 7 1 
27 15 5 19 25 17 22 20 25 12 26 8 6 14 13 12 24 29 3 20 9 24 21 9 21 16 23 24 
10 25 2 6 19 18 5 11 17 16 24 20 13 27 28 29 4 20 18 25 2 3 30 11 3 18 6 26 
3 27 20 18 25 16 3 20 27 16 12 26 21 11 14 13 24 10 20 1 18 1 15 5 5 22 28 6 
28 25 17 18 26 23 17 11 24 1 27 7 12 16 11 17 17 13 17 24 18 18 8 6 23 14 15 26 
5 10 18 29 1 5 3 25 15 18 29 12 7 24 17 24 30 3 12 23 2 14 16 17 22 23 8 28 
7 5 14 1 12 26 22 11 11 10 16 10 21 18 4 16 27 23 17 9 1 5 6 8 4 1 29 17 
30 9 11 22 10 20 25 2 21 22 8 10 26 29 5 4 25 19 7 1 9 25 9 26 8 7 13 13 
