38 156
1 2
1 3
1 4
1 5
2 6
2 7
2 8
2 9
2 10
3 11
3 12
3 13
3 14
4 15
4 16
4 17
4 18
5 19
5 20
5 21
22 23
22 24
22 25
22 26
22 27
22 28
22 29
22 30
22 31
22 32
22 33
22 34
22 35
22 36
22 37
22 38
23 24
23 25
23 26
23 27
23 28
23 29
23 30
23 31
23 32
23 33
23 34
23 35
23 36
23 37
23 38
24 25
24 26
24 27
24 28
24 29
24 30
24 31
24 32
24 33
24 34
24 35
24 36
24 37
24 38
25 26
25 27
25 28
25 29
25 30
25 31
25 32
25 33
25 34
25 35
25 36
25 37
25 38
26 27
26 28
26 29
26 30
26 31
26 32
26 33
26 34
26 35
26 36
26 37
26 38
27 28
27 29
27 30
27 31
27 32
27 33
27 34
27 35
27 36
27 37
27 38
28 29
28 30
28 31
28 32
28 33
28 34
28 35
28 36
28 37
28 38
29 30
29 31
29 32
29 33
29 34
29 35
29 36
29 37
29 38
30 31
30 32
30 33
30 34
30 35
30 36
30 37
30 38
31 32
31 33
31 34
31 35
31 36
31 37
31 38
32 33
32 34
32 35
32 36
32 37
32 38
33 34
33 35
33 36
33 37
33 38
34 35
34 36
34 37
34 38
35 36
35 37
35 38
36 37
36 38
37 38