5527
45 8578469069288822
35 2085732864031
26 932098661
20 5197205
23 33859911
39 27247335281171
22 8133282
26 1016242936
27 1567035043
29 9762675957
33 456406092541
46 51076884046856451
47 70113969815662566
32 224668920579
35 1433122706996
40 144362552847977
38 41363527061269
36 1897724682832
31 65475700594
30 8195211617
30 29482355190
49 278206182266948649
22 22116343
25 173203763
43 1400769311205997
41 483157479379861
30 9274464413
29 9215965701
20 4124299
37 13675731600703
22 36721907
40 64665102734528
30 13559366784
35 2061268624184
25 163047154
48 89368570618679042
27 859143882
34 352286739995
50 3439828270195849761
47 135951338239305889
40 121976505341946
43 4144129246811557
37 20060550563221
40 134252509290628
49 188578931696828400
47 62364121341782425
49 439470477958819014
45 16931637489380155
38 41521392357624
28 2260758872
28 5701380441
26 764447570
49 332188913966848104
28 2542462157
36 1531968365903
30 37245376088
35 2120157524937
44 10150905898461977
44 5187390846006663
50 8859444151049652637
44 6240310306987810
34 683042892303
47 70908297693318237
41 470652760024284
25 299373737
32 111076462298
50 8678644016315541628
29 15864051161
31 72291387950
36 2598853500399
50 13564121583410188181
47 55450881081740024
47 28161658330479014
27 2031413844
40 234699429320889
44 2586370517626435
37 9367293133215
42 873921232641454
22 15636413
45 4325161939119524
34 482951680672
48 164623248286927170
50 810697287787834548
30 15569912998
44 6630259951461084
35 1102521905935
24 170705558
22 16869922
45 23652193658262796
41 313339220982452
39 84169301974207
39 31946095298501
36 3473051495913
39 76640471835396
38 22696916442886
44 8355380215704442
34 728749454470
34 403632916442
47 74784193056388866
30 9646215219
31 100141496958
35 2989697778274
23 49293238
34 1062897667127
23 44327266
49 463432484939480455
50 14083629622293299185
29 5830189554
37 3922407104624
26 671995883
35 1570625210366
20 3095144
45 11020272106183275
38 39387296257128
47 96416151192063141
41 264425604454461
49 732839616375210406
27 3007291830
44 4815150898966472
49 783232819964232385
25 136849522
37 6364607495992
23 28975608
24 111475416
46 26113891504868514
24 83723600
24 178660285
35 797721203270
32 164636634569
26 583027230
39 83710371168733
21 4788439
23 28098292
21 6252656
32 160819985995
22 22777702
23 48798081
26 1046958285
43 3045577947782046
27 2440255188
49 436232453500691099
39 59212363551124
41 371514336006011
46 32528092726173617
26 971615751
20 6559100
42 721542005548934
37 9121829237615
46 47520417881178961
29 14599867621
21 12723141
24 149230811
23 20344131
34 1414188421187
37 16854684400979
36 4186131408743
31 31413866107
49 768191003527070742
43 3194897885079850
39 30436638343440
47 110358934329937455
24 106293434
38 41821067404845
23 88520402
47 128395033103678447
26 588118143
40 54892170304067
33 431858978865
24 64668113
43 2854612100724424
44 2853749440624292
32 201315811552
30 43833592320
42 1390241998878705
21 4318940
34 682330397942
46 34851515172841391
31 81273671285
33 328313829956
24 182191725
47 128798221801801898
47 47283318332472249
35 2283906990523
39 54612210732560
21 8272314
46 42198339707908953
36 4007345254930
40 81708858676834
36 8235432392752
43 1755511167180705
40 204171102555115
34 1226028571231
20 6290704
24 187101453
40 134509468831411
20 6228219
45 10443046723417822
30 30261481765
48 173905334424332117
39 22722476730081
23 54389318
37 9072088846059
35 2504276168877
37 5080170205834
36 5924611852943
23 53658439
50 8915586977816221123
46 39260554923329607
23 28924301
32 249864995659
48 298251295116328877
43 2126116771792058
44 4180770085846805
41 333045057282786
44 6343841307579029
27 713836868
35 2055145524611
38 23997769912785
30 27600120296
21 15746398
36 2748442033985
35 1578637679644
29 18245333603
47 60324857439565120
43 2491405734983556
36 5734670159234
28 2687495518
39 105934924140236
45 17901585849614173
20 6277838
45 15386643836734994
48 99003198343853894
39 31751728231344
37 17971687813248
23 85299979
38 34113665548883
31 42286984944
26 517429301
33 153681822644
35 1386457992754
35 1638368568831
48 173959320488826181
50 18112055907626804550
24 223827586
33 525731717715
50 7297653552758956892
41 432082522922999
45 5009717320471846
37 7328844345509
22 17156211
22 14974973
45 10072770134590643
20 2582248
43 1258301349993930
42 746350633933559
40 96544150190012
37 5307822601100
44 3092413585553857
42 625117572151353
30 8529752978
45 11670557749341659
20 3267325
29 11363009110
38 32025269963246
22 21514333
27 1087893520
25 478403857
43 2237311954577736
40 244189749457298
27 1314159710
49 267178209648329322
27 3025410971
44 8953061238103084
47 89288968350053596
50 2117790881496596064
30 26016743958
43 2837170926187433
41 616356480967267
20 6485999
49 528557526469373764
36 3433277018244
41 272093714831715
40 68143899846400
29 16532391594
49 534612318866572304
40 196002119631879
47 139494772741999384
34 869757057679
28 2472290825
44 9697422250751680
40 130670103725902
49 453416838180600239
25 214535132
49 574978720699839620
26 1109996126
43 2283857772292833
39 91615991543316
38 38187218925308
50 2966321338902686640
21 15348636
29 13562370813
41 257946555131597
22 18217438
41 163074316953728
47 73234880371935003
22 26968168
46 36766667623460870
44 8695005748548065
43 2466860061575263
48 221765745266368509
45 22144412036359149
42 1027321987452375
41 194554873070050
33 362925423850
42 1021481315087920
50 2143150482625191939
28 2654219084
31 57123421950
47 121316604411201522
20 1855091
39 29119548164574
27 751370144
22 18128167
22 11188344
43 2397052637011762
43 2640044958942956
21 10622772
50 10225682279829635266
40 200792188704161
34 956240331722
22 13379415
35 3286333748545
20 2338277
37 13875330989501
32 83182545113
34 1342646006870
28 4567861151
23 33551902
49 465892378108643760
28 6666007583
48 221289451356948066
39 73953569025071
34 294329087717
47 30660748538909737
50 11334984362053169743
48 188456852659561638
30 21021297981
22 16402272
26 832921096
40 147374665985420
38 36943307302394
32 92364475351
22 24813062
25 492527493
40 181088331458393
31 29799981108
49 736133647880793318
24 137894667
35 699482570767
38 22305069612628
27 1880046084
25 252228554
46 11407680732637646
49 369277773330818809
32 222166635431
49 325260410903225252
41 382113225220089
40 204850906455347
35 1961648823320
26 681672981
20 1615049
27 2384892803
45 24057847065975397
41 298470306296810
44 9226377502922549
21 4220761
47 49552270438467729
49 275500449555771292
50 9499340838777217734
50 6661509117435038790
22 17035328
31 99865453461
46 37986406322376297
31 70900352651
37 3759433279989
41 569525881298923
45 6256503385733106
25 388374031
20 5715145
48 121106459160081324
31 41183556466
49 822159634609619160
45 22232741821615709
36 2676639346809
38 36326973461475
27 1291049253
26 291226236
47 93656322505941117
26 745777348
49 569983511134303020
21 5326079
20 4975026
28 4232687925
48 144357317384826655
22 12250674
26 1230129741
38 19010174959668
48 131188321352182979
25 331783442
40 141285696923650
20 2428222
40 74898612987273
26 468752350
44 8391943269910452
40 262668262969259
43 2157956417916430
48 73042358136353224
50 4645649577559717264
28 4609516686
45 11186305356249039
49 257216699406932080
23 51449321
24 66665741
50 15771999985587430855
25 105168488
44 8528787282504543
28 1514160648
49 679289141879011700
30 32277578779
29 18168864864
39 49026796548348
34 1346314014623
34 1235336049981
38 20195240160649
27 2204058765
29 17153879783
44 5504259888486597
32 65403301035
27 965011043
24 200878758
45 22347755423994251
49 771194432216772319
43 3018083832262389
49 281981890694225831
45 12493840081888527
40 215914417567777
37 16702943640915
48 67861406373274354
43 1421268267432203
30 31285327332
44 5681318102564787
48 329160706972828482
43 1510971955949391
30 19147302819
48 213253562170768019
40 246576747572706
40 94643419128509
40 175443655009933
37 19148612290161
25 266971581
42 691363124268476
30 27459709270
44 3497024986622710
23 68216952
44 3145884906892186
47 27007517640565755
32 93238964018
47 74388544739512012
29 15232263723
35 2342704939834
50 14479593045231019868
35 1523395460177
47 127525432479819494
43 3725277099416416
48 188683741293796273
49 443753858795510242
41 549680691949409
44 3635420109701183
25 180204437
33 376646351704
40 122499576635746
43 3682599335832730
29 7906724549
41 423991237783114
42 707030186626452
48 332871637498339279
23 47622437
30 43730912497
39 70220280428888
35 2361265613952
35 2063643941327
38 24400973414453
26 961936395
20 4520860
23 84057095
48 101106952054680835
39 22622277758348
26 750011852
33 108341534203
29 5737595041
28 3489709566
48 297910770314958513
20 4893225
27 2373602891
20 6452347
38 27573877057015
28 7038425331
50 12481696165223646665
24 120008627
34 782194031090
20 4043259
27 3129015884
27 1987223239
24 125253930
29 17367232930
31 53280179316
28 3395762669
50 17464749425491346701
26 636772731
23 61036982
45 10671117238631276
22 34579814
29 14011192586
38 45197620676306
42 1227420795211025
39 102465766264168
39 42940025838914
40 293017113341592
34 1043591766854
33 510641646518
44 7390165188771132
20 5444527
24 105044127
32 212070746359
39 114474460645847
21 4542456
31 101641908727
28 6497442194
46 28317430810523989
20 3881171
34 543500249139
46 50109430667438782
20 1771140
35 2772917984125
29 11739124759
30 42921140603
30 32338390841
41 177798999688845
36 4259907747501
21 14286046
43 801341630551155
28 4042977655
28 7446517457
43 2539634582769979
33 118885826523
31 85459191068
34 759351881494
43 3917372173855683
38 43642018709906
20 6313692
49 549534354762941687
28 5245854838
46 10345235691492698
49 736395583782405654
31 67189878983
47 130812870305518630
31 74388163882
31 73427367186
25 304732919
24 215412000
25 540958596
47 27798020389435896
32 141078673981
30 15494410131
32 190955042758
33 551852932928
49 288637108613383689
44 5821424799675573
38 38071740415372
33 582613137370
49 171912545617297896
44 8939111796574019
40 290886053086066
25 464765337
22 33815544
36 4045470128406
47 53956604467117631
29 17010628368
49 149262011686926212
45 20766245851158942
25 486484549
43 2582821468643511
27 1731106567
35 1452558598069
22 9948619
31 77719542351
36 4286712357787
23 77667779
50 15803633296393113793
37 11476517090845
40 206218905038744
44 7278967874916361
39 76583451395760
24 65892968
41 523713646114231
48 240175487558627746
21 14068445
37 6759143592678
48 190404540784960552
31 90342095978
40 209796227232609
37 8428100967064
25 118599573
27 576624617
47 71187397407693742
48 157403736458951075
34 696596970246
45 7289901794315062
32 171990763497
44 1806193145629408
29 15861739883
36 7761687548976
43 1243107124499926
26 747650433
49 219955157824922544
37 19681324851950
50 11369138588839786055
46 30826014298068619
47 128391365030540374
36 1629129306116
34 874551905672
48 127212200959049543
49 346598500579788939
38 32431713548218
31 32570667889
45 8605363378359879
43 2859645609969095
33 313758483454
48 187600123926231073
21 3039171
50 6689585232315607171
25 375111092
30 38314156650
49 638647620108951209
21 6969079
31 95928010138
50 18094942438538844656
27 2028231546
38 16338805124679
49 337025174248669133
20 5468825
25 339469924
35 693989319975
23 52206681
35 3249882306627
36 5317711795813
45 11000481593293133
47 137482347980620365
43 3441049038205311
48 297493278216919739
28 3688825430
38 11101756068849
36 4518724018328
50 12882376791707783108
44 8589104133221271
37 15869325808927
50 17612930401753464974
21 12759323
40 264155630303798
50 4694632263425731386
27 1450640682
43 2692804418158038
28 4532311739
25 353306275
39 118919048641988
33 522169077412
41 450250386545126
25 436797263
40 249812716758062
33 264937602497
20 2963658
40 262642455619239
45 11109010524611685
39 68008735010861
24 124847554
48 232738453871840222
39 90917476620588
40 85742072938403
50 7866462660922415349
29 14168833503
43 3974638591292008
38 38912519569489
26 814669722
34 1395173365347
48 129999044987318643
45 11284780727454971
23 62599438
28 6604994012
25 280833086
33 520719287146
33 285781095641
44 9816107048187494
45 5860510873092661
22 37851270
38 17277352253893
44 1799022547991233
30 39776679067
40 196668023118826
26 572322516
40 241007445942338
36 5912074516880
23 79299677
21 11301960
45 8362514082061263
31 84980932566
37 19142611865454
49 732140633091354743
38 26450980963155
40 226340563340320
37 6467439277424
44 8118121715958509
37 17384773792269
27 1593828227
39 60580121257118
36 4160911712993
31 94725825851
21 3679977
32 170450879428
25 206006867
34 766698987721
45 21555038026905524
50 7542257443180811737
48 106805031969929282
39 57289980538867
46 17997588350968955
25 235061103
48 324408881609352955
39 94452177964445
24 198541841
41 664326613434924
42 751600069397569
42 1598401949525912
44 9574985852821621
44 3440366877002408
48 314688745155110761
36 4552373747656
21 5177663
32 211821705173
44 2489925269604181
41 626481306216528
33 211564933154
21 3072617
37 7100334259323
24 177082314
34 447472632775
44 4504325781339205
32 209857083597
31 21775185189
24 54354024
46 20683441615415722
35 3066744196846
31 87525961867
40 88663111698134
40 298037961349252
21 11375910
37 5930451803527
48 110871746583881404
49 374654686545061952
34 532190905559
34 924191867960
42 1000961072556859
21 7130082
32 141553876068
39 23493482230245
23 61796906
46 56492258178696947
39 110418849482043
36 5815541842726
31 29589356609
27 603959473
21 10780804
42 1474477643382983
30 18854345558
39 123399989767047
31 18679832564
47 118561880498801866
33 620191229923
33 333155235528
50 9910070643866686279
30 37262047134
37 17091460546824
25 391656236
31 36104973882
22 37385115
49 361906625841767354
27 851014727
30 17792490126
50 14535880936538693931
34 937420887749
21 12450016
49 202334319211768188
49 343833708400913463
21 15123124
34 1106899796549
38 24777937321360
20 3866471
47 99526638193850733
21 11870167
20 3817895
49 391588644552492625
48 157072458204287216
21 13975388
25 189286164
32 208912261095
45 14883593658603200
43 3087101255300941
31 46368363715
34 486225428003
32 96989095570
32 101623456136
48 181812191874568574
50 5773563005193629533
48 313488537815481866
32 173553887342
50 17753910587983559474
21 3108402
20 4612033
45 22890799964781410
20 1802831
30 20583010971
48 160837363806252908
41 256849527614450
27 890517880
49 532536162860866130
49 181544539280352141
25 516075645
40 277319311288306
45 7948671231191800
36 3936962846130
42 984855361451229
41 299556160185586
34 1046685599068
44 6870370557552885
27 1996430984
25 237146736
48 94520968230257849
50 3239186400683204671
33 202465714626
23 83002017
40 56862070513583
30 41396471075
27 1307339038
46 24675433534239209
29 10631512132
38 46631853858440
39 117889285617681
45 5202001772876395
48 302671483537405758
24 109758623
31 66911319008
25 299953113
38 42206563687265
28 6676898366
36 7537795657232
38 32945316749147
43 1429518724554416
20 1594201
23 20059862
21 15458511
48 153437357001065376
42 878591877683767
30 30005011201
49 762328929221209816
29 5255192319
46 25841731836888340
36 4685710209002
37 19401094528407
48 219946518044434892
30 37310921088
27 2487292903
24 67116761
32 248708629042
41 444998150470628
34 376809516132
32 178725067768
38 26902307346735
29 10582299978
50 5097568392380257630
25 488633562
41 246091129160755
40 249811878874513
45 18969224928217997
37 5301752725624
39 100859379313517
45 7977553681507272
36 5794921210143
49 729525131931824900
27 1765058284
27 2457023613
44 7053682148726433
40 254381535324620
40 83229243493944
46 14746376609230431
40 257835305117618
28 5200859270
35 1370730805981
35 3543643468329
41 535206259657106
44 4400560323690002
50 13521153645206220580
20 4020891
33 257935156058
22 33041803
30 38029214762
39 64336198973075
25 505695296
41 456167044883821
40 188837509612656
35 859105086955
38 29525979356508
45 17318880973956886
31 44192136285
37 18740389377279
36 8091489272878
30 24750146609
43 1597948929490056
27 2123039573
35 1022522580986
48 225609398619237018
20 1999920
27 2604813016
28 1572189452
48 134696142551223437
47 53664863133892061
30 19685486926
50 15385779834491593645
30 36829305457
22 38432313
38 28508399123736
26 506575924
47 36656991988566014
46 32211557230578614
26 578931044
40 164253532623233
50 349878507210289551
43 2780307372201463
21 5088032
31 104306815434
39 52865184725610
39 42465029178879
26 1298402330
20 5247771
43 3829967311888213
43 2674684900383218
30 30064910902
30 8693081958
45 19924197426686901
49 158389277253535197
35 1104213399311
32 131419683801
38 30456569000091
27 2064976231
20 2178588
50 14348727106504912060
29 9787211006
26 384886867
24 215830567
23 40117044
25 361334761
21 11404787
34 519706441314
29 5290048866
41 139247130947936
21 3863280
33 491171865479
34 830526523574
25 485473406
42 762955278366439
31 106563259613
29 16232388803
48 111638445394129650
31 28298612369
20 1781307
44 6711494522608069
22 33653457
43 1350598567747669
46 34161249343180493
27 1776403965
37 18505384529731
22 28870727
42 1335535262006840
49 565114262899993534
48 80146964803503918
38 50649555336632
21 3137685
50 12486122974905225208
49 388447921297200338
45 22660404189891259
48 198896953156129308
42 975713609078051
41 135816033725081
29 16714749793
35 1717278966855
40 131128845438908
43 2824739096514594
36 4653027148191
30 26676165926
42 898723519297383
35 2409450112410
30 27940028133
38 28024525272360
46 13474326096806556
37 4627798264802
33 504552569267
39 41246265746711
31 43448075406
39 110032711763272
48 224851879270621238
37 12987819406751
42 1229287225769010
23 23543783
39 79744720784536
42 554762839524552
48 327640679621090591
33 531064394063
28 7330903531
39 86766630095739
46 20164021818399409
32 110212134953
28 4960033048
43 3909332296395195
49 746669711925251105
40 185780853695612
41 325357050531827
24 72542908
47 58251100206827219
41 697113892234004
33 313156223541
32 128337026032
47 104795133778112841
24 104260168
48 89732519786334856
46 46863451222841462
40 54787458654266
40 259221520278718
25 414589572
27 1404669012
20 2707036
27 2767688227
43 3387568048722370
47 96307558190975058
32 248093216558
31 26509454899
40 189824923924639
32 67129917364
26 999905803
22 13129983
20 1985096
41 469392873604396
22 16887612
29 6535804064
31 28404248010
37 11421709322517
32 196176446970
29 16071056749
39 106714326589540
44 7526182570330729
24 77401907
46 10851365558926797
34 478543306379
48 145929058611931085
29 8306791834
42 667573914121467
44 9598924155775350
35 2804599870245
31 64001712342
20 6389908
23 50253510
26 1072113961
34 771640253957
46 10219840807111334
20 1533875
39 54506745736168
31 26970271514
50 9311914731352782928
45 21435043751501084
43 1159223104343956
29 17005353585
47 63753013400181948
32 72208923240
28 2767028940
28 5288065796
48 241269887357029247
45 24147453812798791
31 70725784398
30 13615053913
33 159517034323
20 2692485
46 24818418587459878
25 180686934
24 224187804
31 72894263555
42 1616867450102511
44 3444095910474975
26 647627922
40 208975156918988
49 699227453333982354
45 7715372883861269
50 17945579294142591520
20 2269815
23 35699704
50 10609970364354502876
35 1608095996819
29 5818151532
21 12568805
22 17242739
50 17011114373292571509
41 151380608020378
36 6966739616234
49 412313430836713910
29 15028214697
29 9507842512
46 32599036372970074
27 1835586957
29 8544992789
29 9296993777
41 293082867071642
45 23885301504044615
39 88000291573251
22 34541496
29 3774590953
43 2019922727822476
27 3123761586
49 392011964317573125
37 14201038068355
28 7201158845
33 402080723335
41 302339159434751
47 111972070763015365
42 1551902781679193
49 722739123450378162
40 120827412881801
31 26704943023
21 4037055
27 1740096527
30 24025241768
20 5162609
34 373929270206
44 3296603707545986
24 38614595
27 3087782170
30 11193732979
37 17229845356939
22 18634425
30 35146262905
42 360559671537567
20 6357839
46 17374379652106537
45 8455162666287379
49 741119566392636710
20 5353564
42 619867506797083
40 139007654256827
33 485379702035
23 27953307
21 10268626
42 1692764424215785
50 10085636492083476926
24 189570093
29 3606424351
25 165932574
43 1800131619624853
30 10411105859
39 75548610529449
47 91901362539779181
41 300235754965992
33 134722151495
34 1268845500937
40 247652405308515
28 2831084229
25 456601844
46 48931204097478212
26 660393035
30 23024174669
21 6390187
34 1294732833162
45 13052423080862447
49 552163793636513567
27 1069533820
34 1114271944991
38 41356369587026
31 43108826098
49 556845841312879337
39 33930724113517
33 459259640249
28 4046595992
42 908149542250843
50 15487158929064892173
25 440554224
22 19582918
42 468224096304120
30 12816980109
23 48361146
44 7579968391394843
20 5218765
36 6048708888058
23 58988443
49 710792716136464792
20 4531624
41 595639837170529
36 6486673374558
49 572177161209417066
39 33858635433744
22 25920420
46 13354965516265322
20 2066594
38 24504866938536
25 262700364
33 540629097771
29 16628109099
21 15656472
44 4549309967551834
47 70018082467482469
34 939941252185
43 3000272670436183
36 3228839028189
47 72679049371507592
41 339805657172058
45 12778830383364542
35 1449756213799
38 17021200266838
33 170515030328
42 1377283215551951
23 58353237
48 128200757777090558
46 57198237225936107
20 4029766
20 1902959
28 2683175837
28 3845612651
22 12671564
23 40515304
50 7212283024447927593
22 35328861
21 9824118
35 2036070799233
27 2470258676
48 108935196117472815
39 36405838201850
46 21003537840323686
20 6258069
26 798143818
26 794052677
40 182534269996664
47 106486487708767023
50 17903858343037404762
27 3021078474
33 360193686756
43 3458824406926151
27 2058516214
34 706508170829
42 1463718811483725
41 532250405310527
31 66843716871
44 6027960250095231
44 7599829458275275
43 1620934366648841
23 17585660
27 1317543030
21 12833224
23 62357743
38 47326518552242
22 11715053
40 192038505623571
49 475718899692710229
20 3690757
37 20821446856639
43 1728244079909455
28 1517735472
30 23625270233
23 47445635
41 518695545081315
47 141895833064424261
48 336672959713309296
42 1077361689338945
36 7341615631049
27 1960290760
38 33927384540426
33 423374559797
50 16114627879560891454
37 9855692384569
47 122193325069795003
48 87135811724685863
44 3014374020501195
40 171743798999191
29 3691136532
26 789118183
29 14785438220
40 147273122040193
36 3448914637148
44 3195949405846171
33 620585059484
23 65143224
32 240067964366
47 62401058117525204
36 7259137454862
32 233920925254
48 139148781979093366
39 22019519818493
46 58912588714716534
24 59073291
27 3049669472
29 6987090997
41 570413663967910
21 6962499
21 14714917
39 121052640460774
20 1594032
20 2964164
47 52896538558126866
47 82677305190009254
37 8276736243881
27 1117454937
26 959964674
32 52022438396
25 411396566
45 14823048825979881
43 1928194959864410
49 568264459706684210
47 115995523317462991
26 430533477
30 8902139781
44 5828020076901584
32 175455343011
47 118379388853147493
47 69481079389710699
47 30519311018143778
29 10975612710
20 6301712
49 541336732431746850
23 16559247
32 67678369051
25 510301146
38 25818381056606
28 4000602465
31 96227190452
44 5601784000493007
47 98947571019045579
39 44995527768899
22 28198944
50 12311677241968727176
49 617491429479948026
25 156228633
28 4815311248
26 569158625
48 282245350574193290
26 667562646
49 379568650830660483
46 51724582903665530
45 13105168640164086
46 39526143595791637
26 1114529720
40 179629499869496
29 5894015148
28 3763811580
28 5615037022
31 45121856256
49 386902751544418152
30 41180524256
37 17724592184785
28 7044270246
47 127128436892293866
28 5927807497
42 343061860446157
26 497780091
48 120685745470010776
27 816934285
49 735545124530993869
50 8525646291017057166
46 54898974277064896
23 31747876
45 20293865630152059
28 4521970719
47 53768399783737185
26 1056886847
50 9114742165222619450
28 4818951790
25 117061486
40 135902831956792
20 5377942
34 1359796039809
27 1180977452
35 2712854400783
37 19357328581270
28 4856050373
25 406849664
35 3164571088334
33 438039892251
28 7604435496
31 104414527121
40 295708649031949
45 8414465081524535
29 10393701057
20 6180036
26 1129173871
37 4804960931702
24 89551602
36 6355803922515
30 17953754132
39 102189476716195
40 247986893170693
27 1223591314
48 317486035190733071
39 97654807429231
21 7077541
35 2257949141097
20 5405339
23 65087261
50 15115109645955958528
33 421622356653
48 164354076349587972
33 335434100087
25 439045653
25 446162212
44 6772421978503878
42 1576903852142095
23 29549590
37 20397996894560
43 3952195301948813
49 776860339256393985
34 824849764263
27 840953901
24 135445907
22 34197576
36 4119794735761
24 103696350
28 2716768307
42 482317689353216
33 408940480784
20 4251560
30 38901583584
41 317523949911092
44 6816313307603040
37 20060400973421
23 51383860
34 1079240302401
47 114295528086945119
34 1056313707653
49 308663873293360853
22 20124113
25 249530883
25 260999811
40 53004369981223
38 50663490146962
32 79874183054
22 27837444
36 5371398004015
35 2721066938094
26 1108062905
31 31098338723
30 16161993756
50 17791544372104932612
34 399632015289
29 13438242565
42 409590926355732
30 21273983580
29 6542739120
22 30225525
47 40853904323309793
41 469680175760331
48 215292537757386590
26 1135880258
28 5024200447
37 20640739851010
22 13080463
25 529503163
32 152144946801
48 108579457315147404
35 1642703049605
23 92597958
40 176615087291209
22 16470725
25 216091145
38 45440536358059
35 712526364139
21 12425494
23 19787498
46 12767963108983677
27 2062613726
26 818517372
37 4079582166888
43 2384848027013362
28 4161596380
47 42443179372611401
22 21431056
35 1686696172664
44 6941233813601927
30 30826636374
48 257279018615410975
48 117451845462441998
48 313193934542238348
32 73129999312
26 1194505567
45 16517821176150753
49 572309464986514982
44 10048994271480036
21 3255262
42 499160818258747
24 127566129
43 3552836644144768
41 512017403311061
38 32700476565977
42 1429412757568146
47 57268087463495154
47 138818252721958935
44 9880997276614131
21 6198471
26 1008507751
24 220563254
45 16726711112965437
21 3448335
31 64375569875
20 1180042
36 8047016580194
24 185964689
20 6590359
27 3083472198
22 20144918
31 94355824028
27 1256708149
37 7065987672577
26 880279786
48 241112608211100478
33 493377491140
43 1185712263712410
28 5917178643
43 1585564604508979
47 41231810351822032
43 2388395498301974
23 32484943
42 790172044328124
34 886336999484
44 5822648457301308
36 4064597651444
48 298113019509649062
35 2303201235632
34 1269715884197
29 9358037689
32 236191207941
39 31566275298198
36 8439436032959
24 154034102
39 29123053864037
31 97369446531
22 35390054
38 13879423854614
49 475332407906524206
36 7082658385552
21 5383832
31 78402620145
26 236642431
25 360655141
43 1990096264575010
49 414800726555976597
48 143913698385535035
35 1645635004273
49 703693646448637130
42 1434328598226443
39 49833753304501
39 111603416032868
39 47574179901684
26 348187293
42 673045521937442
30 35013923752
42 1735597802572783
25 537576527
23 37259149
39 118203790834196
23 62475080
34 827499800361
23 24366659
27 2331376728
21 10109731
21 5353087
47 37417616391557397
45 20684042168319394
21 8706749
45 23240145739716620
39 74547499659662
38 45373258006874
33 396302617396
50 412011916899407257
32 78082029597
43 3417900208709833
25 304051549
38 13908253200271
39 114414413112904
39 86354126969810
35 1102594382115
20 2457962
26 474368498
48 228416975371807847
46 43974343156160777
37 10071457906506
24 214272575
28 2287117300
24 188995263
29 13277125132
35 1971375557706
24 94090072
41 417231088729276
21 4910910
28 4701261695
27 2110697316
47 72251350772658450
32 133773159099
22 38223851
22 13111470
42 862534538168848
34 1101079948323
43 3107030326794140
39 110638772914461
38 27360165334527
25 146395534
49 801029386958840565
30 26489894681
30 25269720195
29 17468957794
21 13085112
28 2889138864
28 4837048845
22 25292775
43 1620508882835902
46 22374334255538266
43 2216843253953918
24 128854126
23 76289801
44 9189614045323216
21 10048062
35 2118991225466
30 22444258494
35 3125015232071
34 445654310879
48 306434384010871231
43 3159581947571318
41 639859474212212
41 653446107250636
33 412816492620
23 47006862
42 1258659643381284
26 522479314
50 14892414416558953650
40 77943738499174
47 42824100952083458
45 19011163183539498
23 43376823
41 178722685648387
23 28065288
24 211445429
43 1587322428431541
43 789768372357582
29 10822356851
20 3622956
33 337674551271
33 132389789844
31 73598275037
48 289885889408521878
43 3482977332617058
24 151104658
43 3384427182010827
32 167073707055
46 11314680562564078
44 9319064540429710
48 88366902061316344
38 38408898524146
23 24882914
36 4839834045362
38 17462040258331
42 1203080418461693
37 15245300454210
48 234130162287448612
30 27962705056
23 38803665
39 55821412864229
32 118784124676
42 1065850402227139
29 8860706486
41 451999308587285
20 5973600
29 18077781563
31 86307555757
50 16510896214446829354
48 196451075398867449
36 8802363349029
42 754328775846574
36 4990566636410
44 3263800057581979
21 4295836
45 19796473586285580
49 662356246921731464
40 153551629892232
50 11518571609025945973
45 6643185737832987
26 1203219421
23 51472203
38 23812501892397
22 29567831
45 16262294108330853
46 28664842573539346
38 24148928640060
30 24874679657
48 315413113768734818
21 11910859
32 83934454356
21 6600121
48 208379174332304506
36 8234121539849
33 124539702972
28 5580721628
42 338405608056758
46 34114272644305229
20 3181528
32 242926469739
28 1793881481
49 661129937505704417
22 30503285
20 6252131
35 1210010026441
20 6308594
39 97719097050697
38 29444810484376
26 808194280
32 51073474235
50 1650979305790617656
47 91784578013656227
29 8734157545
35 3494758850345
43 3492421821868373
29 11548980417
26 652262314
46 28716801868707146
34 585003071187
39 64499240011106
48 113559686793439113
39 83318659827233
23 29802763
24 195510268
29 14918436647
28 7424574369
37 11293177120040
26 867931339
38 43083617372279
35 2798400480411
49 467258282202163917
49 660022434222458313
22 37764258
28 2781802266
32 153337576822
49 259262034314532807
32 107127676341
37 12193545165893
28 5008421890
46 25647697655681787
42 1202374833540073
50 4637662205895309506
32 182243777228
32 178587548520
39 53443276312508
45 17047623289897612
24 193105555
39 123020159808088
29 13215096133
50 17682116882413145744
47 69698704643451909
23 29058068
38 25629405965193
49 569763956486817904
25 147867560
30 21934030918
31 31368237238
22 13349959
40 94009358392820
32 181545966855
23 83139205
40 162883964554579
37 9174506264042
50 9146882319475762276
30 21452125216
40 66318900891686
43 1559892860970284
32 55758209740
38 14404219055143
23 65598115
21 11652685
35 1961952037681
31 28416439501
42 467567707523996
39 106378941404046
26 988285041
27 1427151851
39 95991341609889
41 450374566111495
30 13095481901
50 17831756760509515107
36 4775724003849
34 489995216803
27 2170422240
49 216058890263610666
20 4066564
38 43634115587139
35 3607421580166
20 1271089
48 227717522305505557
36 6304663878309
47 36951657025460024
31 40147415554
36 8445732465336
21 11819067
20 2389298
26 353516748
32 201390889032
46 29936806445676982
25 519067601
23 74424706
50 679830318202362825
44 6025145873704212
47 27853058193917594
48 167358111864780990
30 22262229653
28 4160163005
29 18149689283
38 48671467840317
37 4277395078561
39 82367173116622
34 499573066087
35 2762726419558
41 543461177347934
24 45725728
44 4244364355551373
29 12515818117
35 1192888338067
25 186914722
31 72506716607
21 9250644
23 84257396
24 87290796
35 2718603356817
37 4705368374841
35 1886765881878
38 14216970649208
34 985419839741
28 3954045472
36 2659907088621
32 224500991271
26 340738430
32 214110523549
34 917102730398
29 5268125215
46 37152858448444487
23 23018374
48 266871675455804398
22 9471574
20 1878064
50 13153606963680469708
47 38320255476461362
39 26412574392634
22 10642950
43 3645904876469466
24 173523941
22 13616804
36 5392629420004
33 371893626451
35 965368821162
29 10495430893
31 95927700914
31 27260812010
40 127471883979962
49 269519857831492330
43 3772087293628939
42 1570564167844450
31 104279385389
25 368034168
34 1227580509850
42 844742954650690
26 251883344
20 1987491
21 7914120
33 473456250913
47 57740514051293321
24 138043614
46 42631151164531713
39 55102639911572
26 734542932
47 61291598786936643
26 1144896895
39 28430577555962
26 311630548
44 7998701951556680
32 127152383397
43 3051913010108274
46 54885410127841763
25 292589802
45 22125966873394008
35 1630086232043
48 253062178515937777
48 317582003209674947
27 1174601276
46 30670858442885920
41 683838882226169
22 28841125
50 3719937670887943070
26 330553964
42 391690469910618
25 318377132
21 12352190
43 1996953741360918
47 110261624221647328
30 14926448604
31 105715148621
49 728272271912047914
27 591949638
24 68351806
28 2839419918
34 1470488199638
27 691095773
21 10833956
45 4959209457156954
28 5264028240
47 99332134707470253
46 49380256089209590
21 8597207
36 6329429902092
46 17488446136871492
49 804453294287706132
50 6287250115541529902
22 20179518
32 180695708766
33 325445941909
37 17319265655586
22 35924901
27 2259905937
42 1416358146901790
46 32645828752196719
46 21613858304710862
30 15110880948
44 9332598029703639
27 1224818703
20 5416059
41 421939256750718
27 2764903407
21 15273814
40 157244222917401
39 99326973981376
44 9012067814875483
33 344657878167
45 8560715157978517
24 205807419
47 39645122567952255
24 220160459
31 90609124638
25 528781307
29 15366676885
45 11110939874121226
36 1658944373802
32 225055028062
36 1960407650728
20 3861836
50 11968795605161308355
31 79563763598
42 934383372079751
33 154416173931
49 731514852258793503
40 244892186971588
48 287080738176265795
22 24277767
28 3618569473
43 1616562000561508
32 183807431606
26 1042716686
29 17107915733
21 9570901
40 144155781555498
30 33121886267
29 8215521563
36 7043774971323
32 157747544092
31 87953610448
34 291700163180
44 2673068979964833
37 18657112176446
30 34314124243
25 103447068
47 40645514418597251
35 1121896569849
23 66748349
35 815373758831
46 36762217686100082
40 269127076122309
27 577681809
32 61957595795
40 68970046250877
27 2692213679
24 63166041
48 312577238828163930
46 42355792020144123
21 12751475
28 7152962355
41 709635299736053
43 2308074579294493
26 422838466
43 2200266238127545
41 221436049796603
32 215647695567
38 21952387637731
21 9528038
44 3053356644058662
31 29372880253
35 3367438698404
34 1102278719515
20 1179232
32 125594555114
29 9136324414
24 144377519
31 21495588789
41 192565058705806
25 260844677
41 217366166630003
46 18027722669571204
40 230451870335977
45 13093264963745323
29 14072903443
35 3069693101716
48 80823085044908389
28 7098500425
34 313973049890
37 18728169637964
30 13267684956
36 1817040680559
38 51375642197777
26 973500741
47 58285567166209252
33 386151838190
40 176632413291816
47 132820294520894021
33 403251870844
30 40953391925
41 355478142575122
34 1022504670240
39 100426522867938
38 29812186857547
40 236241164998964
24 108257336
49 362872221882957904
27 2551046197
29 11081343921
24 113558489
48 319978740581011251
36 2973845167810
29 5231795892
41 433113870867499
36 2800533417755
24 106034008
37 20981257822402
22 31582377
44 5858645479515884
23 83992090
26 1199788735
30 11532470249
46 51864896011750801
49 155085855475244249
45 12692094368158363
49 159983479489609852
38 31266116971936
28 1936851714
36 8169053334505
23 31615465
23 80569029
48 179998169923873900
33 130239665696
50 5974303267202430277
41 296869514404804
28 4425413546
33 190310457185
29 16328733648
28 5940476853
33 316199113540
26 989822026
34 476146340447
34 568665581204
42 843256195291687
50 7007406880226818725
46 54221592234015140
49 678891718072729884
21 14125316
25 317825591
28 1913543483
40 275748019055347
38 51372435966834
24 213435631
21 14725828
39 48709206390925
41 710769661221730
34 367785460561
49 278228454715702165
28 2762189972
29 16936601029
36 6892956032539
21 2819416
35 2075522454709
31 19064670969
45 7089387806928370
36 4852915405981
25 344997577
42 757337951405919
41 394105410494447
31 27221224119
34 462502588943
24 142812802
44 4331662783402480
42 1555623274283452
39 27684646560657
34 1452963968331
24 169042648
40 60221733909228
21 14126607
40 222207204433477
22 16575936
49 386647666954175537
49 644007616710224002
43 1453577360666336
49 234417250640325062
42 386450321176770
36 6127511234098
46 58378676401885021
45 10051205151455969
49 513420472347797364
46 51398012033462437
49 729381988691996611
47 128073257606000770
47 115700585523409870
36 5853589184442
24 201126792
49 824776462848641056
25 389622025
23 79196436
21 3493393
35 1407872186376
43 4092895818377814
25 537021093
28 5567874528
44 8739037007403379
49 258372752649654536
42 1410154604206931
38 39036526689100
49 203126086399697557
29 15918515059
20 6605814
30 41218189109
34 647362122307
23 66457351
49 353981050709394279
24 207043607
48 172545576036929085
24 69154375
37 10235376413344
32 217627060285
25 265254708
49 239902207537213932
28 2042200130
21 6920654
44 3724286380289947
36 7534368026772
24 223316778
45 15487348316947332
43 1356264554060787
26 262161327
27 2888324265
34 965879005377
25 428320908
22 27163736
26 528877943
30 23377313434
43 1791878445588236
24 106496011
26 709722581
25 529197576
42 1668926334235712
45 23244370994515399
25 188317718
42 1068404455093598
29 15596607662
33 258987309604
31 44008110529
28 5861295953
36 5558208681559
50 7502520840128090256
31 94938318325
44 5097224934444176
37 18560301120412
27 1984057274
30 14356292960
39 114458988117403
24 176369338
28 6809211203
30 25826407942
44 5609178075070120
33 250330059228
21 5141837
35 2811927737432
22 9701540
28 3265782385
42 1568178800157900
36 8630947998623
33 283723573153
43 2732902384907120
39 85974796996754
44 4624426171585482
34 1010527999696
43 1849058099980104
31 21188230751
36 4947522630061
45 5642539310203858
45 14282704791002177
30 16139038488
38 20537596020131
31 62803223927
38 29291915886412
34 413965131126
27 1634005158
30 26415391228
23 76078311
23 43654887
47 93112080073379789
29 15784780467
24 61822370
44 3226555495433489
23 90400395
39 117307643178802
45 7654316870174986
42 1468181476493112
37 11516672880046
45 6833394766002947
41 471017697086719
39 25281644871019
34 690457165520
27 2703325974
31 51587385160
20 1646650
46 35189269065208688
41 577429127682395
42 1370942464080208
39 60458971591526
36 7817752107225
21 4953851
50 1447252929796408756
50 4918086337300563798
45 22301346136909311
29 17490997196
44 3942288824104591
48 247718327696041135
35 3456665966578
40 198371577656181
37 11844058043546
44 10066540353604557
45 5025581341708616
45 14623792546098620
42 575698915064622
37 6848255626055
42 1055780025620115
39 54429363977665
36 8412391257126
24 92395485
29 8851794614
42 461554407814605
37 5998645784810
21 9033636
28 6974391868
44 5273883140839097
36 7417382528300
20 5908379
48 74560788801127416
28 6876998502
33 341350574074
28 1723922173
23 90806748
43 3387449099849595
38 23671575314321
47 51465579738733069
28 4698312535
43 3131479705751981
24 203661718
39 54386551747272
29 3902025830
41 600570831199353
42 1525330131097521
23 23256271
50 8905946721363637448
24 45263507
35 1350606911020
43 3553217184874671
34 1382272353990
40 273642651965983
50 10304498815799114691
27 1605294481
44 9806653542830762
30 10190161538
39 49345182224992
21 3056702
27 1351420629
40 184080501309450
40 99471240503327
28 3536024637
26 912123846
32 194651637726
48 287885692577216472
25 204969952
22 20502480
43 2049931008547825
22 32737395
47 52352965357741436
48 95605341983515341
43 2027995162731984
46 22596256854697951
48 195555648838767078
44 8881228687718510
47 127584293553050905
21 9713222
35 1548005797255
43 1499513194028119
43 2504616723930989
50 16408145622197715437
23 62964796
37 8592798698339
42 950139765503916
26 1058171121
42 1435337391225368
45 4986048986841085
30 14380038118
31 99204844641
42 428140678031565
50 6707070446787368934
37 10656074730532
50 8540506635910002425
41 422335708540739
41 315061289176014
48 115713906311979006
44 2785519874058560
34 564909576940
50 7140371379260325462
37 15727078140836
49 818265869744914248
31 26345813207
21 11659482
22 25816155
21 10031231
24 143187795
39 60382768498316
46 47375329709130790
49 447787464548173334
23 55340688
32 107040622784
32 122285690917
47 76625704260701295
29 7406990669
34 1347718078358
43 2894499287718402
23 37366672
24 177987705
23 62726836
47 75087500721508081
26 1045602520
45 4978752939261143
39 83407983374973
37 13293543817215
22 32081114
32 126906469950
37 14218934254104
33 615731333660
32 122232161505
22 30224500
44 9477712974983011
31 101095876150
44 7805129900597349
28 5698299613
34 723711052546
46 34295435881115968
41 468217921689546
44 2082777450758655
21 4635218
44 9703724907400145
34 1457144568989
35 2135001212152
41 200337600220587
41 325072641762997
32 80292467579
40 135329780910115
29 15973928125
22 16180310
37 13851448408401
38 46578266205280
23 53930045
37 18006802841392
46 49675806653029014
41 285785148480004
30 26699176776
34 827624232381
25 233991791
46 30660618549882700
42 1668878353544057
46 29640773349618469
31 56548038840
26 521904644
42 404040714016356
27 3095809196
34 571784131323
47 136287929967398906
32 183540018350
48 226916112822738659
38 40024317134984
34 380227283404
45 12818442245257902
34 1151388400182
41 478195719378079
21 12908172
41 199745381924701
25 497250746
49 582545834879393721
23 19315897
23 35323116
21 11711264
23 57670775
35 1561809874724
48 117755360758253951
32 89859514070
25 474932143
41 645051148300985
43 3349882174856347
32 232756338673
34 362788353100
38 46448615317857
21 4639556
23 39365497
47 126561708267261954
49 200042771502692624
29 16968406518
43 1852025023434112
35 711417761391
37 14390203023846
50 8285743211328575164
44 3287340977244271
48 74262400575307426
40 199157410625758
31 100839842530
23 27260728
41 638240031352438
35 3477536978383
44 7479667091500809
37 12110690837404
36 2434514940849
41 592055269351456
20 3837926
45 22582509623233315
38 29026771660381
25 273836069
33 439575830346
50 12736010752927240596
20 5613332
34 511997238448
36 1659298236791
44 4777666519149413
45 16933594086426857
48 167505468951655024
26 1039678117
39 99117298996018
50 3015315379828266273
42 347590435945361
36 6665447955585
34 888680587235
35 3543113361354
49 611971599329175384
34 983194232804
29 4647676912
42 1073395661511661
38 29656038176858
29 14766796084
20 1771226
44 7157892664324763
28 6278495288
36 8303650065723
33 468380686032
26 1211019513
40 80883016611788
29 10851311556
36 5739439148319
20 4491743
49 817544151475324726
23 57360949
22 31148758
20 2109277
26 595004772
44 9792103726518949
37 8088191142028
31 63572442610
47 63415407529899070
24 44528668
31 85458637338
49 683470531106795969
21 11326345
46 30338283834889824
44 8345028563635735
35 3479103627575
35 3369866482479
23 57957966
33 622560457572
36 5930447077701
28 3238897797
40 298136295409855
26 456675457
29 14661768370
35 660141600057
42 1550258142758848
43 1154936729645397
32 208159751203
21 10352304
28 3504730540
30 14727924641
42 1309402959087173
39 28425935064241
46 24938157539001557
48 263221686833087310
34 1053488862386
22 6776334
34 1059300544604
32 160953707173
31 102263295079
50 8774217973529753564
45 14678748686655429
47 83074014813192781
24 133087944
49 644303023208811609
46 42452234919951676
48 143307121015408249
21 10132652
20 5954433
30 29193421624
27 1598329405
32 139891648015
32 217202326446
40 134245857451698
34 1151460612842
28 1914559351
22 35026639
27 2471051153
21 5611542
35 3601408681972
40 61291816894471
43 1787746951416211
32 44886730137
41 512908532396634
41 257636479743206
38 48483262958407
30 34722094691
22 37514812
47 50866546119908510
45 7725080650469493
23 91841720
42 982482349922865
37 11357865465401
27 1796145786
44 2161311589667694
25 107813811
30 23059706886
50 6627319687666162226
32 108498858883
32 172184764046
30 22018604057
24 97632320
44 9126755256542053
33 296071311068
23 66174996
44 8846041036372620
21 11077508
43 4015552087493667
43 3679254181123693
48 306836680662191800
38 23283335816919
44 7505720355515574
39 103621072302597
50 11887943893335311508
46 20577897318906262
39 79377572467923
25 176531433
31 58277570587
41 311796897032085
46 43211718372666040
30 9917439627
45 24218946045420123
35 1757956768975
48 207134827071926067
20 1602379
50 14769842743977133845
41 686266331776960
41 587823256058023
26 660398036
47 63184833932613222
32 80965072538
41 552589928771192
32 51633873228
44 4478152839502509
50 12753668519808129223
24 119128664
26 595251777
23 78403687
20 2064050
28 3333975965
48 339943929508800427
38 15164786761059
23 79668620
30 11254484879
31 82678364626
40 113559044524187
39 67282778522713
30 17386978033
39 88154438954439
41 280772066644919
45 12152440722326000
32 185718803356
43 1593470975439371
22 23224572
27 2126128450
33 390897199677
41 125643491329725
41 224207178637185
26 781874541
24 116383464
32 185956120825
24 58429949
27 2654335213
43 2697594788232066
31 107048773921
28 3401172530
26 755549524
26 441262268
24 131601588
47 136957348338461340
25 357866216
20 2769759
47 75410180699156777
34 500306476301
33 253885718030
34 846720463982
42 1267819634611839
24 173854674
37 20244818117431
20 3560452
43 3358158248098421
41 281417791772745
24 118960210
43 1580491047199450
38 34488064888353
38 14602810494086
42 716368254935389
48 167628971202177661
47 58080203391220137
27 1838115602
37 12678661923674
37 16758858351231
32 236151435569
43 3052908780648166
26 261623895
50 14711453045460396837
44 3806051777023758
40 102831139434104
28 6127240796
26 550420096
26 1193647778
39 57754429523825
25 301175938
21 9903030
34 349862525069
24 171221555
47 67169567872317566
48 80109003702875224
41 270852109144057
30 25696741438
24 96212947
22 13908919
33 404746633929
46 49600364594904692
23 27364588
32 258183962715
27 2615033014
33 469561373379
47 128657179979187055
27 2036802429
41 594974312821198
21 4647817
24 119124333
38 11271941900934
21 14617489
37 16298097484152
29 5522173492
41 668348439507321
22 23584100
39 105919640360623
50 11478747027917560460
31 45434514784
37 6754863099296
47 102092860210719233
21 5204737
47 31020816852842009
39 84962487990491
29 14877827418
22 15971520
46 25839508862499575
38 22221379368189
42 962751616951831
46 41235618457902203
40 224309063869711
34 1071698627463
35 2088195799099
28 6779301574
27 1189807443
25 312003867
50 16287206123045467111
47 127965548649737926
37 9255531247389
24 104570917
20 1953020
28 3618336274
45 14625995229000340
37 17072056392753
36 8227469136947
21 4196452
45 15176877371219238
39 87505769527012
50 11039964081098802047
44 8773816945658905
33 353284445061
43 2931373268723615
30 27385105368
32 68774010020
21 6339571
41 253544953106540
38 31285641516093
36 3892134670151
27 751488721
49 338528802342035482
46 41579244638189906
37 8073423397822
26 503212603
26 830064708
28 7507264610
40 252991056063179
30 22758626231
29 8613165716
38 27674391544810
42 1704800828149189
48 169647778993494391
35 1026286366676
49 757860318063444772
35 3486899209480
38 10342221310017
30 37482534062
50 4910899257521416675
20 1885956
39 97589660675272
34 642584225212
48 193228215347759411
47 33394822159795756
27 1605629818
26 628676071
35 1886141693145
43 1618262508133378
26 284377423
50 4242418991912549743
29 13316510559
30 33494040402
45 19509749193800508
50 5219329049975779816
44 4912704653110707
41 683934598982715
22 15132071
40 84781991929449
34 1389534236150
27 1023852930
25 326915117
31 82429390649
37 13264191939056
46 16882850885308900
31 85254653642
32 214610361751
38 48677173229547
37 7379707739732
50 3888946095670449968
30 23560466406
36 4642117885342
30 29857084960
27 1563010647
30 38967719622
29 18088737052
33 156199623009
33 408231421824
49 795997054178413716
43 2414302664643129
24 89731036
39 41085680669990
28 5334049207
40 117094935345330
46 31664001407210380
21 6094553
27 1948691718
45 6787728906505448
33 308494429341
41 148153395827939
27 1297705868
33 258626807529
45 19775739963730883
28 1998099893
39 72802404278343
49 771696542238998984
22 9122344
20 3346266
35 2196666008743
38 40972212180013
28 1791966876
32 114802862677
34 1315346306864
38 37711240017964
40 271685127288245
21 10535642
30 22176350263
22 31186236
38 46488346811013
32 44838126280
33 280384273733
20 4808838
29 18106905028
39 75116464395469
25 121426768
31 95571039314
39 104835846861823
36 6120301431045
48 271753725770224516
44 4315632025537835
24 64509890
34 867226045445
42 1267741902664667
36 6325421150576
43 2199193963613818
45 14561679513646864
20 6242944
37 16343473492415
47 46014491198349511
44 6146281410268175
41 148682806429668
27 1910609764
35 2240241569627
33 511191143412
40 113172238618052
31 104599211926
30 34951896380
50 5309692441249284473
36 5586632420431
20 4126410
25 341519844
49 167839870698098131
42 1280539263526586
20 4845546
28 5141208139
22 7156725
40 89816087209627
34 427274170510
36 7857143894794
35 2022442854392
24 179392150
27 3138171562
47 29965721168182100
22 34279094
38 10825845697942
37 15448626521286
40 106385756221260
30 34030968975
26 889268444
26 525335625
30 16852302099
22 28753502
25 142462594
43 4166492458248900
39 52220500262268
21 9608566
36 7207403392807
27 2067006302
38 43609324629761
39 36298565730974
46 51589342289823151
24 185351154
23 88398751
48 225893217208681067
31 53580970301
38 50971809221860
44 10005872867342990
40 194908470611836
34 453226383599
38 23681520963738
29 5781035606
20 2244456
22 30484132
47 140669119493563740
43 863136859155389
21 6503903
25 461361780
30 15156451989
48 291917227084957801
43 2838392995181119
23 16435485
21 3275395
38 46603700860760
36 2438950434940
34 478768013980
42 1078795868528708
26 1156667980
20 4671993
27 807053170
36 6670613010206
20 3734597
26 494613954
46 16661581139163961
31 89915951978
23 18912588
28 4645732883
42 1430533456602773
49 650723516408548258
37 11622513116409
22 21744801
36 2596852820516
22 14998872
40 125382839571055
36 7791376767480
43 2430944595278152
31 39782422882
32 185890026623
34 526529079984
29 12531114896
25 436822799
49 213003290137797260
27 3034491041
23 38070477
27 2789023363
44 7948601979147982
45 8083037924735570
20 1690002
40 171388568381284
39 37996909616991
41 134722235955838
44 2047084958707507
45 7005402155140117
22 36096043
48 75710866749311577
23 52793945
45 22192906062301730
25 183986025
26 1109898510
27 1180259910
48 230872298410522799
30 35519370144
50 12836952343019961885
42 554569104363810
29 5339246465
36 4215651624004
40 73102506235755
47 91817210918528588
32 46442313313
27 2211976978
49 180528357032627890
25 149578188
47 44743504221439555
46 35455442789482251
50 7484970339217008326
31 63395377980
38 30587304761020
40 249520744970211
31 99049002676
30 9260679273
37 9595036210767
40 92913906986706
30 26822938775
46 22886079786518443
41 717019056962731
23 72088807
32 167793804187
45 12916290345812594
43 2462664560128784
21 8451555
20 3489740
50 11507640403742356103
50 12859747812255664236
33 128481425940
22 22540232
48 199613953896152891
27 2707567789
35 1176239865262
28 1582953483
22 29960876
37 14115228970300
21 3678980
41 327965477720525
24 89300217
25 307265298
44 7144645166311645
23 56725559
22 20952699
43 1096568752062317
32 119405594903
28 4941046117
44 4293669511157252
38 36113886606874
44 7232119412670488
34 934350193948
25 140419150
40 230993166984058
20 6079251
45 21972919389714701
34 1477224268387
26 379542800
41 715361369555768
24 221675031
25 137201746
46 53285167419443891
26 253484083
37 12006689771279
27 1666881964
50 2386956144373778885
26 754987690
20 4872941
29 14368048700
22 15612681
45 19870986968841835
50 4555086844709920366
49 821449566217904284
33 333865995264
26 375180401
31 100111289873
21 10878557
49 799280978998390866
45 11955877054486941
25 283280272
24 176205549
43 4149565153882879
20 5468929
21 4229604
24 145489439
39 83996855264551
32 152268862808
37 16576443623773
40 98415237123114
46 45722973599516744
40 58241388550002
50 15438280576977087130
39 77585198617828
39 64498347884797
46 36556570352042176
39 122255020293272
48 191319061393727638
35 1685421480456
38 35583538937728
30 38986995249
26 1151649125
31 55775285989
45 10921953492622359
39 73195779393729
42 376432505994693
45 7886977865291877
22 26167440
36 4261935114667
28 6467323493
37 15808213886414
39 108962489628908
42 1087276110396090
30 13619856518
41 563442450383680
24 205206431
23 74269466
46 38940888038371925
37 10126991858785
32 238590209701
38 11775673737458
44 4541815348228145
27 2283078499
27 1188884190
31 81734736883
48 255003149619915890
39 91264994556572
23 44178632
20 1873923
42 870872785815039
32 146919115695
42 1121569139184318
39 59903156797004
27 3085600276
25 249235011
28 6464971814
47 68829022172304813
23 17822273
50 5543762705658601529
25 518604229
22 8356745
23 79279471
30 39037336803
47 75465642201062351
39 47890843503081
31 85423739192
32 191918109698
33 592768687088
23 90778386
32 98200116646
21 3610719
31 98429705808
44 6804313280836863
31 104607582194
50 5438269853753652694
23 40614148
38 49670845901289
23 43047539
34 590367264852
21 11171745
26 843862662
21 14122994
50 1198083144890100265
47 50052970343298845
50 352370795076338458
46 27924246783047008
38 32647533193399
28 6469041597
45 16897106925681547
41 137320920592157
30 33184505206
30 43684036694
30 16984452616
28 3563698738
29 15424552994
24 79588186
36 8686826048202
45 8451634257064270
25 321485379
21 8165304
37 5956624275691
40 97447248579983
38 29779080294829
49 377468972185766349
31 74732010692
22 9394750
31 69487482782
22 32620103
33 457642139997
49 616561827233039023
28 5659643910
37 10680918323921
30 9464940103
26 225257015
45 12158399950952858
49 602381189780127915
39 42839959186230
29 14976615086
40 81721363181562
43 2338744325641809
32 206979564031
32 116646279492
34 1312933944347
44 8186377776768982
25 360192168
30 8691041210
33 271508011118
27 1994742739
31 54064296533
43 2376573280529076
48 197121012535926334
33 592378802468
36 6878408477115
20 4385931
36 2051981898777
33 274564895139
33 382397387874
40 236096008952461
23 24246369
30 41159661023
34 1215261332277
44 6555079936662823
25 424535742
37 4593821923699
25 310333724
42 743587529474330
34 1337882705870
25 465807013
31 22926179321
29 7509086238
36 5115291840703
43 898262803023640
24 159658191
37 20446353966851
21 11810150
32 74882565279
35 3622389462234
39 68584131318765
42 750867617891542
22 24864594
33 491068337478
23 76007242
21 2803558
40 80625391767607
40 124873589715630
47 84005396283434065
33 495753809634
45 6070095778587594
50 9367481498139399046
50 14097263042143034938
38 25847704813395
28 4086472429
34 895310734648
50 6382619250474657966
22 15558886
23 88055420
30 8540277201
49 249187014378897518
20 1349040
31 29903990099
41 650223631548079
33 470533507133
42 1689970538996749
31 68499518311
33 123271635098
40 152424288925258
34 384629181788
49 562313910088445193
30 18935252441
47 32337305766555777
35 3264577466015
35 2836483647035
45 19022822469345132
29 11006508198
21 9179772
34 947144359109
21 9140136
44 7300188612200590
26 355585830
20 2861577
26 999237291
44 2995351900712613
32 129231135034
40 137798659604598
27 2272029434
24 43653518
42 1024980433418610
31 51048350061
32 74758086632
37 4350175329952
24 146905657
22 33073490
25 534862393
34 859144216211
28 5310002733
50 3333536076924920053
33 153492303534
47 103832865691251796
44 9248471328310279
36 7682617678274
24 76052145
23 70152121
45 16355354026619149
47 115571636674475985
48 250646551058090644
35 683257789327
27 545333864
41 691557641779399
42 746229341875804
47 123903619156878223
24 51921599
38 12648534783603
42 1347236698174247
38 47433031940702
29 3717371770
35 2867631603262
50 18169206394642319327
34 265979508562
42 1393827159266084
39 97891232196899
50 9464310050647470790
45 17781041715929390
37 18060749693147
47 114016908523914985
33 157489486569
39 31226751247079
36 8482427477483
34 662714726781
44 7310925933814025
35 3547627482323
32 204314835930
32 112884732912
49 246739811861783043
33 451353001786
39 100239808363923
26 933336144
48 294678588382672940
27 588711424
45 13884341929649633
24 186220201
35 1060639248706
22 31515997
29 12199675718
43 1955507957667017
37 13340413466823
22 22303245
35 3269244765242
47 48372736945517825
37 12018969935019
37 20338492157125
26 776421281
44 10061151882256001
50 15228719831619317588
39 111585343787238
39 90702125816203
27 3065466334
36 2817059607233
43 1611345811918314
31 96324487966
34 912183513856
43 1843525174075012
45 7751245793283814
31 32352017545
47 124738547002167950
28 5029669060
37 11802932259177
50 2291677090809932530
41 582435074017202
20 1331333
39 121378304497582
45 10894537000615054
46 41672410247472889
50 16727107440520668267
25 192001907
43 2401794838752412
21 3704469
24 160238700
27 769800984
23 52308446
20 6046388
39 28779658132855
44 3611359534988209
27 3132109142
47 114756151402116488
21 15760288
30 33867984535
32 96130182021
46 38174637318617798
41 695953487024303
32 220160511932
31 38429627945
50 11279109998748114934
47 25699402556948097
48 134095810671393713
48 258861038298835120
25 268591733
48 344476687014900460
24 101156646
32 207817141542
49 614820811635461892
44 1847783558911152
44 7429498438468697
27 1345602164
25 464201671
23 56042036
44 8147400726988304
38 27334216333535
29 16409276520
32 124211012083
43 837476629859577
20 2748678
35 3638695309707
40 273168163777087
47 139310058014359740
27 2065104163
26 1151187008
49 276553210553862350
34 1009292599855
25 477241615
41 601779220348212
38 47822089230522
46 35749453879337336
49 816389896336973896
33 137720477289
27 3055987907
25 290511168
35 1149487862786
35 2444060326361
47 81617669737778460
49 634440749522628327
48 255982560885725594
24 167407923
35 2417880533806
22 8485648
47 31246293582290873
39 54783014198477
29 16529856271
24 176485755
43 1725617035186610
44 4834626215271379
43 1573683880446915
26 323721384
43 3074454708742516
24 151575273
42 1725990482599938
48 309961161590438032
26 1286854330
38 18561360173832
36 7434040732626
32 143756597188
45 21921852355744755
50 5080598250986691931
45 14524923456886514
30 19420257269
35 1538567461382
37 11657668337989
30 22061036653
38 40232897800273
26 1020356235
25 229344353
43 2030304197861817
26 354564566
42 1415899039774773
43 3461249813838652
48 344335255159551653
32 231460035216
34 1163126911106
40 70987599795782
38 18599930197815
49 524801367294640354
46 37940529471613203
41 425919760380155
31 85099387933
50 3304681411460977909
45 7643047694139552
46 21721909451388419
50 7929799326879728375
41 541842960862571
34 719773934307
48 333250999150047402
50 2550316778346680902
29 16961648220
45 19745453039405615
23 68934463
31 41815588679
43 2325578111764889
27 2549467349
33 228160412137
42 1069506040701781
47 86751599976997988
34 1194235530902
35 2907605063468
42 861126909334628
34 787197882315
32 54683241547
23 87481990
47 57400744572834255
33 444913756172
40 274217128442526
27 2962143160
50 12862521032377198827
24 128192427
20 6312479
29 5264254090
27 1277046478
21 3913524
35 1205336123246
43 3413299988065932
34 551063808878
47 76311151988245365
47 109291201750150800
27 1809293146
28 2822139511
26 328666068
45 4952176996459461
38 32104760432278
25 489496105
42 793157337831358
29 14857033279
50 1855566588821754995
45 21415341501910649
38 30729588775907
31 91261680889
32 218573979971
45 16660672308641724
48 99484545859275594
36 7631206545119
48 175081180754433775
30 15163510650
20 4284871
37 9066031740766
45 8567656165627453
36 8061201524129
23 29274332
44 3248227963787342
44 3107442868576748
28 6442995073
29 11120756096
49 817534054790933872
40 252772893743450
27 1700747974
32 187318616649
22 34619487
50 17456136674431334031
47 41786949709105102
35 710577012868
22 16799762
45 23448452843722563
41 272047865542179
31 95995766428
25 134548762
44 9620339435556483
25 164452839
45 7826878392889102
23 29404273
24 185208120
45 8163476024136309
20 3078198
26 855651589
41 578972635325942
45 18310320386928623
22 15522452
48 65446756211948942
35 1939826907404
35 2003267516471
40 256073890604234
39 40339621992063
39 90964056197899
47 58169094952320934
36 5809305049003
47 38384613058874057
37 4846228378150
47 123711202870986902
36 5728213661980
22 32070516
50 12884122926205247944
32 128866249783
42 1066116505524685
35 3410227685451
50 2167960171416998630
25 220842202
42 1247711926437275
29 5087484199
45 11301990749533082
29 6189731002
48 214676389407566015
21 14177333
22 12487558
39 29677902894217
24 164030368
36 5296454095353
46 40500468725870314
30 29171612480
40 289756715165328
26 830240806
33 487521840697
45 15081074805675098
47 54093746438378328
46 47888854170746182
42 887219761564551
37 9009282784048
42 1709584705641776
31 78006752232
24 176314593
32 206059151135
24 125276513
23 61887571
34 367770459212
40 253823768705161
50 352979623419611991
38 27260168449954
42 473689307988858
50 18017564034204818779
35 2683469029832
45 24093295287520895
31 50345013077
31 57872748783
28 1912161144
23 56085593
46 11474165976964098
45 5680867013139628
20 1152808
48 173968736127364908
32 59663399397
23 59167431
46 19597564348571646
23 25531882
40 229005578169020
46 53633222712776057
41 530079804606899
42 1562588994634549
44 6563410869992326
43 4182541312621549
45 19591874696104518
41 410839831346835
45 10052996978564733
50 13988716427042476395
39 118766422386504
28 5218136066
43 2833175095683946
38 46337903643871
35 3625446415386
29 18407537135
37 6883149424051
37 12099917513403
29 9273109975
40 166465568014640
32 57603753204
23 25430276
23 63744393
26 487467055
35 2230268364575
22 32038414
47 91443012578756284
46 26125854171700425
50 9998016932599045139
30 33341066813
43 819541675578016
48 292492337846976693
48 296349641222090029
42 1635794481417801
42 685040850546399
22 26924948
22 25670369
35 850580213310
27 906663396
50 14588836791000863727
41 250693528273487
24 164140137
20 3114092
43 3239860862501709
43 2803481164880736
35 2770979252693
26 416008402
23 82173916
40 176009622336562
39 82496530920312
30 26603841793
31 56451701248
21 14117172
42 611664711972098
50 10105456249976004716
35 1411117099662
41 441116159364366
41 580085644221960
32 181372209050
34 996718424192
25 196759474
46 29785969255731614
35 1518901567072
23 26502449
26 981544486
24 94928316
40 204884197006317
29 3883245903
24 141076263
22 10331768
23 83104640
42 1041055058169428
24 146021200
44 7589008037270592
46 19338285897719835
24 220318064
21 9713168
40 230862923658292
26 1308563030
46 58119279435126226
45 16021740516508142
32 212034710270
22 24743173
41 354772305966609
21 15702194
24 129991202
28 3217191201
47 132165216290801026
41 190263048155405
34 463695303509
44 6422393736944152
34 1137033848226
35 1385949988494
50 1941120505691637108
26 929002162
36 8665754399842
23 27015092
36 8031700943876
29 13609356777
46 45162914848638033
32 252006837878
40 172994905422407
30 29751787840
46 54656152615848005
47 73745700125994665
25 487534764
45 13181812457362724
33 150855581768
41 338461926119624
24 149517301
47 100958882182088227
24 199507999
31 19466580619
38 44945077112498
35 3094170331548
50 5204240370129074928
24 183577869
42 781643291802298
28 4264496052
33 162256868306
20 6108911
32 218575109256
47 76187204685329789
38 11895680196747
48 229162163127911668
33 230649476120
36 3432342841714
33 407939641394
23 68666402
25 467719764
27 2179801461
42 501418653877198
21 6508706
35 1088902313779
41 524212608239096
45 19742155989389283
46 37352526216885841
23 91763735
43 3066674566215121
22 35017109
48 71120812091426516
49 811445311007114579
28 7541094048
30 19842208157
42 964982546679465
21 13775719
44 7828820553861172
47 73380082170692946
38 29868589152638
41 324688264907677
36 5324696172594
34 455354464075
30 21026870212
48 152766074300176777
45 10424930623262687
26 650882195
32 223163483829
37 20391862146614
37 14085136423835
37 13953515592544
27 2196127675
26 483685319
29 13351756550
40 125697729897908
23 27343493
45 15229828017332257
36 5474764378109
26 515950454
35 1310993486515
29 7655849457
36 7623690948324
44 9859041181724607
27 2090383147
31 91925446544
38 23396872251886
40 89146331649191
34 1235031019575
36 4100739495095
25 290396470
45 20239872695856950
42 806861213385786
38 18634482660603
30 18254556901
41 515631499214047
39 67008289908265
35 3071877957171
34 702077865857
48 277108416577078071
27 1147913900
45 20436935377418929
24 178178566
22 28435613
40 238183042625245
20 3465968
47 106016519675746604
33 128638853895
48 180245015407938106
35 2912425696265
23 38263853
33 588111277596
21 8762949
48 103407889044935021
24 77787910
47 57170885837858621
26 821737466
47 84970778063280694
37 19644901380376
28 7392110589
42 1686657932657512
28 6080850790
31 19947855136
48 92039487446749905
44 5696349551778696
37 20871988593668
41 573629905190019
42 916142641063797
42 789629076656719
50 4651833854465494293
23 25940199
23 75084245
28 3962567394
40 213399682008788
36 2812995583928
38 34769669922958
25 187683661
31 59885787931
35 1114547584920
21 5898700
21 7397610
49 687890817702032518
49 692197041970194054
48 312820187711059189
46 40201175033585657
23 88337308
24 211596283
27 1098937674
39 22654370100958
50 1522433524433328880
36 5805733708705
34 1028709447941
32 103145548370
21 8187564
45 10022781686114294
45 20581111158313608
40 113492768240089
49 754732797614258488
30 12257470072
36 7926303016846
36 4355414731066
35 1476288730001
42 1195048641932332
34 989232956783
38 50603379680187
35 2994995616817
37 17819443528558
39 105576168029284
34 841855277842
28 2291158272
33 227797458434
50 18232255292908425392
40 80908970082136
43 3310279243919224
29 7194887497
35 2053285139433
23 64526248
35 1422565847356
24 38911991
46 42657159976798635
37 15549686267142
32 55285250593
28 1815817202
29 9844489302
44 8722029405855483
45 23972909628470247
43 3500306863536944
46 34061246370948963
41 662937905707572
31 97254627047
35 847456956503
25 443773341
30 34620415572
41 613373261955972
27 3000579837
23 74138189
24 135868532
21 7774943
21 15525826
30 35627707603
42 1242390248966839
44 8517685603758086
21 14060095
34 922453854388
23 65535634
46 56787050277517832
49 357719756702373438
38 42011273762942
37 13491398981134
26 811231210
29 15924299138
50 8626206784201421844
27 2958174581
31 25490863170
39 37267312916117
20 5361887
37 5639452534056
22 20811662
31 96714441245
23 16516942
26 395756862
46 48009804067860964
45 8909719114112631
46 28143704293303903
46 11718598610610674
24 183169535
26 488714526
28 3032231399
33 626360804590
28 3445214822
28 6887311755
43 1600971407926825
28 2123197199
46 22671437189916731
25 93398619
33 275029056023
25 193630612
34 528185461616
26 1216313769
27 1888967568
39 31734150694324
33 538987565399
37 11973119558924
23 79634952
45 9478379126775740
25 95459870
36 6024063552023
38 28128247723402
42 938617454174618
39 119098307056998
42 582567799261716
27 606687966
24 61020066
38 25266378919625
46 44652591060447673
36 2009229866648
35 3409509463942
33 521066198700
28 4264016971
37 18292026810974
39 98939729268353
46 19940693741989133
39 62850943193343
42 718770367544970
42 556173057891750
43 3104076501901486
29 4115145821
46 59245944586829692
37 7372123489583
23 61916295
38 26946892310903
49 411288832843269903
45 17938358383762819
31 73326277527
46 51254332502529671
47 124536633384194904
42 315823972516250
50 15183836185868347682
35 1715756637567
42 1148953909458175
47 28279252463376971
28 2562407176
43 3576617179668255
28 4672186648
25 230236417
31 79422144869
26 371616428
29 9899826531
32 169146664998
28 3905960148
30 28469449983
35 1199907117078
27 3114604019
47 89360741964342136
39 116805000255616
50 2069320039829233568
47 43790008824095253
28 6424192214
34 1239767547101
32 89645608362
37 19784164802249
36 4014376545002
47 90220009843284965
34 1353557885218
37 8577573728040
41 298175235473084
38 18231096685881
37 6561246902705
44 7447027653652472
37 12932929564591
46 45514669567845118
37 13537638951447
47 38277924236667634
34 1244989345389
27 2648448904
49 617175625019313215
49 308648956074238773
48 246481123033676547
26 930438069
22 29314206
49 714217126551202717
23 66576569
37 6097197649929
43 2451136990139065
41 310337406995149
20 4705422
35 2367323251615
22 31344624
35 3197373007743
25 118782036
40 128545218666953
45 5276450819358488
23 43413857
49 563141674212834500
30 43218995500
50 16201079699033502369
20 1373597
21 5395122
30 27890653065
47 118365969511175969
37 4606934780045
47 71386134083037625
38 44833928160294
20 1466009
36 3670300775996
24 45314381
40 53943692872924
38 29528510662211
43 2791534356849222
25 475004236
33 439024934246
20 5068676
24 190671245
22 10822547
23 88557415
27 1540177974
47 137476231330796871
25 506851252
21 2787091
50 7540841066929179323
34 350039876416
39 108396659408559
38 45040997514279
39 44031727158148
42 340926501068643
24 217837368
39 33130016096699
23 25372219
35 3097985817101
38 13921405179308
26 241941847
33 193400556884
30 25052329813
44 6736571887916438
24 109079587
44 5273887208848147
26 541889018
50 4100829509874814454
50 4736705306804312522
42 788263909735526
24 202184359
49 490898013208166148
32 105862434915
49 359025148609166860
38 44724540545385
30 40392848335
29 13908011632
47 76899124589432673
40 273660554618454
43 4130325732604321
38 42974088647310
23 23429713
35 3028575049391
41 672668240011354
50 8868932217383831170
42 967717413999793
20 5487917
35 3591260131584
22 19770781
37 21137182020898
48 309148062640001512
38 32891911732568
47 134878755511542245
46 15856094882913468
50 951837662908681409
26 638063863
37 20985680565348
48 246501901394604326
35 3513507470458
32 126978347798
29 5846517167
34 462036832865
37 11514696823957
29 4151173696
43 1200771304032601
38 33791778598596
27 782223495
45 14792516099322669
43 2608706853548543
27 576395448
37 11721807224806
49 363958179806701530
28 6307546834
47 45420257553629661
50 17276775368278848288
38 47150985591727
26 1006508933
39 65669769488101
36 2260951269182
38 19794070352551
22 27087097
37 18185535948821
50 3541350588742993801
22 19299300
37 12369868020999
49 518028946908635570
21 8686305
40 101947510995475
28 3218720698
28 1776955512
27 901359405
24 44243052
32 256198195419
35 797033842728
28 5889665823
49 376734353521825068
23 23893338
30 19602708101
48 163907745823116336
45 18831433640696225
20 2242190
34 975524890666
28 6079971560
31 34315265262
33 441979900232
35 3072879079287
39 24987129150200
45 7782871327332181
40 165942735765870
24 171655282
28 3427629546
46 18221946766097419
31 91226282680
27 1933233529
20 6612915
46 37918700726069928
48 80321575924321165
31 81138114579
34 679556662846
22 26106205
34 580638573875
26 427457962
36 3035262152142
48 309735794269911812
48 139658124191970726
37 5415786713731
29 10010441668
40 159160599487616
44 8507504936737406
26 598479398
43 3964419759664481
47 84328147363565967
36 8221135900759
23 86754587
33 576375828700
47 139362118522669439
40 168335692127313
31 40423665086
32 166166157329
41 598752062940842
48 105507357729702043
29 10103270563
28 5141914232
35 1745393676868
34 1300025346592
22 9226479
21 7454231
34 1201279784592
44 9844989418017722
43 911322522483515
32 111423595633
41 677913774334646
34 950564498272
31 27621675603
24 95366798
46 27141138478546041
46 29587318615402504
43 3782807898606514
50 3917983867265498092
50 9356231792945141041
33 568445533607
29 17662939143
29 17739622798
42 502760760471802
41 199458754368471
34 559771209138
47 90973086915353841
33 602038356786
34 719900244848
27 839653769
33 128946976285
32 190926380374
41 467981451385875
20 6096844
28 4665363983
25 98669590
33 321784374412
32 111927552805
20 1356308
44 7414347039451046
30 25185624093
37 11095593282914
42 1613142368835001
32 171940478125
48 85113347955524793
36 3361358470689
46 24001818285576392
30 37460477762
25 477037190
36 1972510353516
40 57742871136780
50 13987584520018801774
50 3486639738614310454
20 6385494
23 81129035
37 6285439746275
24 107427794
22 23120241
36 1736335510280
38 29123358036144
50 15739930667550068816
24 166852200
28 3892414388
42 1735004971914273
24 200209486
40 239735501425368
40 239168820379338
21 13936592
21 13628451
24 220603391
42 1503104426366427
23 45527725
40 190275818634360
50 17410720635478758196
28 5706176786
47 48827146182896320
35 2918822805326
27 2452464409
47 134454126504300489
23 83177862
36 6977465367622
50 1603978911783356647
27 1813395285
37 20247423621723
31 41146851678
30 32331077257
33 549642004101
32 246765438624
34 462733293700
38 24536046468124
47 117649483744523372
41 467442069215193
40 172687350365068
33 420696029388
36 5336101632252
48 337582150637978945
30 21687806180
33 298070894785
23 67185603
50 3556919787029331816
33 177303779385
44 9414342611268430
30 38216883961
33 615558686530
41 377032617649385
35 2880180127386
45 9167652834450528
21 11133399
25 502506737
23 92838731
29 13082480196
39 90484603435540
21 9985353
34 1324829086993
35 3142536779508
20 2257068
34 634351501626
38 18232131353407
50 3397073905844113906
24 180109817
49 498983310081978361
32 89732643995
43 1353108850163309
48 339448261292934453
42 546900125411224
27 1875726576
33 500208434289
45 10824393063817565
30 13141036409
49 530173220125801258
21 3948814
39 82655818546310
23 53318817
24 39819726
22 14684229
31 36170300510
44 3606581758892849
27 2811489630
26 329773943
31 102106259906
20 3303959
47 39987049051808301
37 19123355663359
34 921331167730
42 774362683074922
47 80693791093016517
41 318692962414666
31 52813336791
33 496998450352
47 48952543306555950
37 14216194419663
25 219356964
27 720805392
26 927311942
20 5680686
21 11258209
27 1478819529
36 5416869532810
46 15424712325194677
46 11239228069333661
39 76617860322001
38 23060299737592
21 12118990
23 58547458
27 2183169387
50 7680390643526564536
34 300209994208
40 148234577164453
50 17786225767643269616
32 48781665496
42 915598876743282
29 11525080109
47 91831832359585730
25 450642251
42 898478738880560
42 748613312139388
23 54696121
22 34137365
25 395224207
44 3352847998098831
47 38573030096644662
38 18181277676084
28 1699878039
43 4086649119571301
23 52729804
34 1388028783187
23 34725427
23 74057162
40 271803816300120
48 128183096795079789
25 258260616
23 58487148
44 6415480650988649
31 79117160713
25 196791251
25 395058775
24 130336377
25 472357596
22 7028380
30 21642687118
28 7298921204
46 19347415164854890
37 10695722093360
22 24047869
22 24625983
50 15250278158869587716
39 35342862564688
33 116613535357
21 15201818
43 3539168734560853
37 16955943777326
41 568797222389619
32 241468610860
25 440931246
48 91232286988889674
23 46790496
41 481251134660170
42 1494921383500253
32 55590104469
26 882262769
45 11937983718659723
38 14816856408219
41 556336293904156
37 9837825254793
20 4310837
36 8513703810616
27 2194987199
38 44484509774910
33 386288357807
25 301770345
48 211883930068795212
25 332780079
48 254193338130631039
29 7240940044
42 589302017356524
25 110810423
27 1281259012
31 84894394942
44 7382964335969174
41 218388888960026
45 20830313620850077
45 20553832400282272
30 16477589618
22 21445115
27 3165323452
45 18338187311366840
46 36069370484636296
23 34182849
49 591522610493712667
30 16894966278
36 1683673309594
26 585840566
47 81607835682780568
30 13941574279
30 28590479782
22 29477865
33 120239523183
49 410836777415993144
41 213549194900369
48 339749746036664470
41 145627392202731
35 2799362925645
44 3443633040057054
36 5311580929774
23 27792446
37 16804052730349
29 5148784671
28 1701366106
47 27729088586409766
36 6101883230359
20 1492263
44 5447427877565829
37 20472451325448
26 889366164
33 460603864645
50 504366745790928516
33 250144723397
23 80921012
42 1499627356020081
44 6799341679525270
21 4670260
26 1016342553
31 107503815332
49 285444655850665950
44 7683981392314498
20 5040194
40 161221585006754
24 158624714
32 234897061154
25 460195600
39 31785150026598
21 5358646
46 23489672193211674
21 8083255
28 2432422627
32 73417583967
26 412100181
48 65162093217331239
43 2073164125120435
44 9094189491818411
26 256347650
41 534373659737311
32 88191567688
46 55018309905871675
36 8758804153161
21 4464782
21 14199939
29 5597214407
34 619939662236
41 573400308575519
44 7992662977935759
24 195602431
22 25242844
43 4049029484374224
47 45617938586602581
27 747225774
26 458866041
26 941043960
42 1303952254211566
28 2626729252
34 975211476076
26 690567669
23 90562222
38 39916990940407
42 1346666741015537
40 157892200457221
33 281696952975
26 682342228
29 6188367349
43 1174152174852437
39 42707346168664
30 23967502057
21 12697988
38 20723266455077
46 25226971722223191
46 44759830586535667
21 3541573
41 648668383340727
35 1078827734878
46 34139018373428666
30 39853155980
38 43308236205793
24 163203404
47 35203501169752414
47 26165744098578083
27 3143373174
48 314912298397519730
43 734537833275650
22 8753571
38 14239952270918
49 391742785869275381
40 78167106951056
40 91728769644543
37 8916656705721
33 178034659422
29 16190788208
27 1368878443
35 2669433582408
24 57724579
46 16933849441581096
26 343237724
23 71800086
30 25572444815
32 243014436026
48 109048800893280085
24 104915433
46 49349519815510519
35 1974855577759
31 56195682835
21 8596047
21 12572787
25 143853013
21 7638241
48 112209867610562985
33 552428698291
46 54310934903273988
48 198780714010150454
43 1369750313325210
25 271736786
43 755187210703104
43 2956159111014071
48 235758514969335395
29 3905510056
46 27066898535829392
45 6940280864106858
21 4120925
46 27356586630118857
33 518900319607
42 780230689347257
45 16229130151503764
30 33802802899
44 9040929136336112
31 64055388799
24 184107084
22 31969651
36 2914684444775
35 1449231669250
37 4684828700628
45 15826685042250823
49 215706495571478186
31 89673891615
24 108777259
40 191542917702881
31 24514230017
21 9486796
34 302584881961
42 683187789857812
34 591690133531
22 32173456
43 1685229419248182
20 1273889
46 30174200002347132
50 12789649274151888364
31 45084697817
46 47002403183466617
23 68203483
44 3659796873038594
49 199389490876942569
29 16260837895
38 45052342470315
48 342988893594586604
30 30668637149
29 10719998103
42 1219406583886541
34 478366319208
41 441317948348842
29 5339627940
47 103361643642702009
36 2139922988575
37 6895004821455
38 17543733204764
48 160014817724626747
22 35749662
20 2817606
30 40589009041
20 2690133
27 1441214223
43 1054710850444773
32 211321728203
33 305902089128
48 95722198241657148
37 19009120746527
32 163935582595
33 478793740678
48 139954129744853670
31 86654704485
34 1101249296483
39 32326403990019
41 399419692075072
25 432835777
37 13264252500758
22 7006350
23 52953901
30 43931202346
41 346601167360261
41 624986894366029
28 1460502063
28 7221961297
39 123928142355111
46 29380484547507839
32 248188698150
40 65212663030548
27 2161767087
40 62664988877203
29 3393994233
26 589893346
21 4914525
23 56717475
40 84620632630002
41 321909532012837
33 142937337139
20 4902636
31 75153892510
30 9977330372
45 12171900983150355
33 543521746603
45 14901848787130166
39 33330344004248
23 91907549
30 11819195963
41 137608110617351
43 2839354670970517
28 3613041446
43 3098959146704318
29 9871857429
47 39357176859640170
32 215137440559
37 17690652007670
50 8599080336371033407
41 691247420821159
46 13176291760489868
20 2737606
50 14161677938939857121
42 461301557837879
50 4119107814602591751
27 1775684610
46 13077700267526979
47 49695485627233946
48 335585695446830001
40 113118896302537
29 13032116478
23 41192113
41 372473015772152
34 1433062265678
33 547195894530
39 76001850825116
45 12975903450867922
35 2050363739460
21 14941867
31 102556856389
29 13151518015
40 224842148708616
32 157448067230
21 9054336
48 265245668634690073
31 106029383136
25 317663487
27 3104106001
32 221275950404
50 18309919490544970013
35 2277844727580
25 94067638
42 934687192788249
49 481231890209058045
46 33996001069060020
37 4879146676112
27 1589188895
40 136871988778511
42 680134466702781
27 3129663385
33 207449584570
21 11621970
25 316121948
48 117879123687819504
46 28174473055071387
20 3183676
36 4170571222085
49 702559491620237911
42 981202008698943
40 203116006110095
26 1080110729
30 25703061285
20 1551502
35 1405593292575
27 1077236894
32 208655210861
42 494450061269174
43 3298070515995082
39 39048555814322
26 1076085308
27 2832573407
49 476799986373740295
20 1611413
44 8430992168019192
33 333388027369
44 9224835101725510
20 1887801
32 215114039181
46 29342815479909007
30 40616477284
37 8298279383278
35 1079028567291
31 48776424177
23 62194697
45 19529931279102900
48 88614698053924767
22 11191307
33 529381145791
38 28571050796067
23 18449737
43 2173774415094283
26 1093578687
46 40033422261281930
34 710165009549
23 88139587
32 219427768969
36 4508499296908
27 1360743099
44 7657010528253903
24 157866028
38 25740078831846
28 7236497922
47 92708412747433114
31 51224361555
21 15919571
32 237392299940
50 10003805595933212444
23 38726665
35 2110333444718
45 21005503542969151
34 604714732685
20 1763592
36 5944613567360
28 2802089646
39 79492380491947
20 2007436
30 41734273511
50 13771826508021557711
25 311605689
40 246521107028407
22 35523968
47 80627827727928980
22 30780991
43 4142838969368731
44 5955975886394117
24 150858847
26 301310477
33 459037802388
28 4725007035
43 2966603545944367
49 742240910832718947
41 198455620869136
25 167388024
46 47088218918384801
33 626514597707
33 256139080768
36 3964973071957
21 5174226
26 1107407383
34 861640200529
40 137613594776048
43 1929829312226815
27 2701143772
24 80463434
42 1708877649880610
36 5520833180287
22 34434640
33 366705521599
34 347524565057
48 283307989330184749
49 270829372550072174
32 162192443221
42 789321538627777
48 85724322688342453
48 295351402569130367
27 2842916034
28 7012200003
20 1462427
41 564813561787569
40 231758777853874
37 11299047099492
34 808090279685
24 129040393
38 26528513889912
45 23108022304010744
32 91123565927
45 21637188595904617
27 995869073
32 221927967402
31 43845083528
46 43770851211205647
34 1280987279715
41 639678678224880
24 60524850
26 340939016
44 4435779682865321
24 166148735
32 45829837440
41 536300002033788
36 5282067811247
48 181434023169308377
36 5409999342298
48 151974519599778330
36 3721092414317
24 128728500
22 27286571
47 124176419960634303
38 51129416743676
28 6956177109
29 14305614416
30 9610642671
34 1291465722629
37 11413560631389
23 33820893
25 528923467
42 820521972801764
35 1762969555312
33 377071250900
25 209852291
26 659980951
25 538278722
38 42206702250750
24 110535774
37 3951126033329
41 203174069261212
43 2600819805115430
39 31793334870199
25 371359868
36 8693201430931
38 47412536578239
32 91348701994
48 114779265102620966
31 41978810580
29 5036706658
29 10322149389
34 417868219736
23 17603137
23 55023065
24 97536955
23 16554941
25 432650926
21 14248464
44 8728347487247142
42 436624917283741
33 503411928395
27 884221206
47 119064900339153527
26 657090007
41 529540638469108
29 6811214785
45 12961754779866714
32 54545500662
43 2000765430474253
26 1300115736
50 5371676319602365739
22 10868871
33 566677174464
36 6971061646916
21 13329281
22 35316094
28 2832501541
36 8798955749926
32 78645120755
29 7835416809
40 73235736695908
41 568580804570142
32 108737842310
21 3986283
44 3036144162725833
28 2979550097
38 42484914664939
31 97389195345
30 20724701922
42 597531270524797
22 25175638
50 4090802727155523928
34 398784358565
43 1449011131650846
29 4115566224
27 2271046384
28 2443035327
38 17841919977605
32 74014671645
43 3746970432457267
28 2296472092
40 298029015687230
34 515521590371
40 122375498247175
31 56974302219
31 20191753427
28 6878714998
23 22907125
21 11661682
39 119483453433090
37 7745633377669
30 35930831078
33 490293676479
28 1885443237
43 3918488026166358
32 196981914359
30 18301215255
35 876764087016
46 23092685309033143
46 27549989746017182
27 1668840137
29 12425874527
25 115336776
42 851529438877261
34 695409719305
49 459585124967967735
28 2986530922
47 58918173814660194
42 553783633828196
40 116996071568425
36 6662450275889
47 124802662937333085
48 212101662765104493
49 706573259962870914
30 31419144812
37 14059129973938
27 1577037761
28 4062282106
41 136149173166357
44 2970715511816124
25 135877858
43 3826338392630114
36 2331690192553
32 202327322224
30 37451649094
48 257918406277499039
45 10443604839584566
41 344052382859550
40 131398702084317
33 441624444783
38 35237437637440
45 11588753195044935
50 13990224394986383072
47 64050110306976891
36 7552928527617
29 5815886906
43 1117147630867228
38 17334767515475
41 385932387375288
43 1760726163385502
47 118586377054902283
34 868606205731
21 6855781
39 32774140107587
48 317536785145094983
49 149240162948365847
42 533721634785035
43 3265978941659071
24 102131203
20 5183944
30 19179687349
38 34538630345638
38 36216269320426
25 180892331
48 257776753162264813
35 3190074005182
24 208064352
41 651702288409896
42 467317003593974
24 83882486
25 406568912
47 96588154836789004
36 5649446217442
24 110846832
35 2244302034304
43 3531755659700530
42 1561557840969052
49 572489955485609458
21 8884845
33 212092225158
43 2558599250870297
42 1250549942067731
34 474045559159
50 991863531332639046
37 5323393768730
26 1148280657
26 1251335117
38 11655039775936
42 806160462026969
36 6055200608705
47 37025879192971911
50 9923411988646134353
38 37477758071332
38 48118427298502
30 26909604011
21 7035025
32 206049111284
44 5131596927879441
23 71752397
28 1587848740
37 8050460007608
41 394451518386662
35 1488214885478
33 215531639929
41 645955784095386
26 847736172
25 195512393
30 12877077517
30 34928222601
49 369829637160906714
31 71487459333
32 209273937204
40 102341493309606
44 6006467576989443
29 7473128790
32 150538935660
33 204726857448
23 17796107
25 243303945
49 400378168190501580
31 20022665958
40 183629286829399
28 3606024979
42 1707072278664326
37 11064822047805
29 5660031628
37 18743365114635
30 16105323655
31 66325179985
25 469289282
37 14491198054285
40 65731444655589
37 21092528255535
34 431381042028
49 794669511617751421
25 452740908
32 122454150514
42 1653147278283795
21 5016004
34 1248205702705
46 52564965632904671
25 401976991
20 3267140
21 5280867
41 470213186148082
39 95630815065680
27 1595927102
25 192533947
46 39795829353561611
26 484206013
36 8736158761291
24 145701625
45 19011085294397853
23 34191752
39 35707977910509
46 47847805785267259
25 538418165
32 137030854949
43 1090697182283798
50 12084502205856204984
43 1977272443394643
31 85078150413
27 1864822231
36 4990240810666
41 335983683035104
21 5478240
30 10852951064
41 430666109092266
48 222386168371986023
22 27058615
24 197387886
28 6524293530
23 43010011
21 9809540
28 4493761232
39 24761003100843
26 667906461
49 339720099517152014
38 28581195245932
30 37448144458
40 151837010538398
22 35969490
46 15047872666837722
35 746352346039
26 696977018
31 47845914453
20 2040327
35 2501270010684
46 30352852619310754
21 11482425
39 57737908648066
28 1911261270
34 462805332834
31 106394370199
44 4420437307491809
40 139386161856742
28 3857201557
34 682392393805
24 208085849
47 122872341223879726
31 95280341685
20 5734664
31 71608833566
44 2790084997845262
25 413536786
23 59905852
24 188987161
22 31808074
22 34776390
35 2607934961270
32 137736753142
25 213283969
39 44192045327333
37 15017963145078
32 217011461143
37 15675618256036
28 3450818851
24 100882677
23 81983261
27 1783624788
46 13118281276457872
42 1188147640258050
22 38127650
50 17228454882445464725
20 6337766
24 127350928
28 2901013279
41 170285286706588
45 16645569880115732
48 231561114296025878
47 58526678984059278
44 1803265434428586
33 382091646859
26 1152549540
34 1442569592069
27 2188286715
45 6572823393455927
23 38666447
36 6489808438808
31 39903129414
48 68892974826971738
22 21461981
44 3345694064036381
48 287707176174049863
38 15110676246639
49 685329014483563811
34 459301703373
43 1002126755049801
31 56500862064
25 443312242
22 35400665
25 358266090
21 12494671
35 1799837127912
30 36526903562
39 34138225610987
28 4128644794
38 17115542285861
21 13885347
38 34271218824205
49 707381104542964396
48 163504037069615600
42 696580191572639
31 48221797395
44 2315217953652338
42 477082544277684
37 10076023621085
43 3009066661011571
26 841176663
47 73500492734936254
39 107014924687263
48 114333906347332297
41 620621730304014
47 87164228031175788
36 8669957036634
31 61097757307
22 10091749
35 1118046155595
47 61557877195915925
35 3427274153200
34 1467535539693
40 171495012691634
50 8056378044329269968
20 2983295
24 160094369
32 63306387917
46 43339930284867354
31 77056509595
25 503624715
41 126008887396996
41 687187955221770
42 779105988440092
37 16701544733434
49 185560092565337848
45 10788392905737445
20 1325515
28 4160712205
25 224082891
39 88720233821494
36 2558389745557
34 1213527452594
28 4531318368
39 69048590778323
35 1672012274971
30 24962460277
36 7758701442385
37 10634070426694
35 2089683092823
45 8156525789867355
24 222256171
22 36265689
23 69460734
22 28986660
35 808380312801
24 166709956
20 6270562
45 20705702105863553
24 117411397
46 57549830714156435
20 2612033
39 42095685223088
28 2904432539
46 50319902341862568
42 1566737804100678
31 88414182588
41 529276814286227
33 209323688959
39 67166643137484
36 2952745037373
50 17546150673714196872
36 7764100999711
33 294675348132
35 1957436825153
33 438812023157
22 28764713
45 12547147007234827
47 33102573881590635
27 2601166322
32 45106096457
26 874972474
35 2670776480251
28 6220097886
39 38550005187137
28 2418541231
28 4427306383
39 55179242463448
20 6315447
35 2267107570369
38 35522575257964
38 21094650402413
22 8088255
50 1118079284374110955
35 2014686168044
50 13044092408268639648
21 5308908
37 10100106814735
41 230694548675897
29 14889019220
38 32937597307446
26 455630806
21 10926017
36 2937306637361
44 8291474944339245
28 2418929209
42 728507051234791
32 146719620593
26 1074004123
42 600290373691715
35 1066416862956
25 261899066
46 43763229293291923
37 6821485786650
41 646687265391917
35 1230868448974
34 460974676781
22 22372598
44 8521256957201124
34 582179556084
37 9376955610424
38 22781877367310
40 148411467782636
50 5463026497109489148
40 58123100374326
32 165238330793
21 5747052
27 1805749845
47 59151971608974204
29 13968870759
28 4924364705
47 97893665717142872
22 9279256
40 298969389745243
48 171464659453872968
25 289084319
50 1684883690844840681
46 25628386704493966
31 70815242802
40 115114888993527
29 16700357601
34 873675581190
36 3403345565548
26 461497565
45 21482023062150978
23 50717503
45 11310465516881756
28 2762889765
24 87637025
26 407841566
37 10963337161976
36 3967854334496
23 86830230
35 774892104068
43 3780825713061172
26 689539729
46 38893873603191637
37 5546975114713
47 79067557981512419
32 249579466868
41 190217562056413
40 276272415234754
42 1695082366225747
35 3194980546382
28 5425753075
26 457032821
28 7299479594
42 999275775034046
48 104759693153738860
24 136284617
28 3954485788
46 17394381731716949
31 41075232213
32 96214130906
32 78148164653
25 309306363
37 13505799669872
39 75864795891741
24 128780792
28 4063786807
22 27550485
26 668089283
24 192267465
27 2803637926
43 2657926713433747
42 494524129815490
35 1819596301583
24 183583790
31 54020658678
40 275621124767559
42 904447964148666
39 114431650276295
49 252427774688818603
46 38183184125316872
42 1092831971722661
34 1394379976196
33 334694524259
40 179628875048433
27 805195927
23 86635325
26 383824312
26 1065073023
43 3225328263833225
49 235644361652820279
20 4020128
42 1097049030735025
30 18828673608
50 7206240245086477826
48 186085984460527727
33 587731021647
49 636948989287083364
20 4086118
25 293694397
47 72755266353464454
37 3764980392133
29 5372248847
50 15157869172104650006
24 195973859
25 329433336
49 250981845676775040
24 93988676
40 256261467179205
26 275441798
22 35750790
40 231763760612579
30 9100548594
37 5605546302351
43 3062225329058254
24 44353814
21 5388754
41 185727771598869
25 315184057
37 4596057709375
36 6410520807109
35 881529988277
28 4874459630
42 598359526692449
46 38539325835217110
20 2884903
29 9187969994
34 1336726453206
21 11412825
24 195420484
31 28495045623
45 8575828244249597
33 358639757039
39 73404021741673
22 31201927
35 906175053096
42 1570755614169952
48 291834414331063935
45 17428996806542120
41 138444497707122
35 1498163850928
46 17104740497762985
39 97037809131226
35 2841263533433
35 3408361435155
25 248741973
35 3162244467958
36 8468500729794
27 745508367
32 209141984987
28 5410538521
36 2538136115109
48 184424077534010521
28 2534148537
46 20356292276961304
50 1028017398416878985
34 447177244231
24 125657950
26 1141373691
50 16006574323340223342
25 469300583
35 1784720818374
21 4113636
38 29340356508028
23 92839373
31 82597977036
21 3388002
35 1780881538240
43 3470985964435139
33 113368514445
29 8314204239
25 243625700
47 88034246620074696
20 4837475
50 7019271045212117793
25 201279814
20 5892988
43 1537319536962352
22 24842536
42 386585080899016
42 768156362275647
44 4793506943899592
44 4652521093424196
45 8951833955659583
36 4915618383627
22 30979663
25 474628439
31 38607645474
29 10864469162
50 14548834526319997493
29 6480640984
34 1343466370809
38 22939156692057
43 3227794616628056
46 15555559414479518
42 962383985101599
21 8556926
41 233909415578468
46 19661265285404209
22 12695812
29 7653011520
41 625811292441540
30 10587826568
38 37540609900974
22 26076546
47 48860788672770250
20 5571942
49 255344971936131082
41 455747546111357
35 1273975868367
48 179052196708728905
31 100803139628
46 45751257963439307
26 898306597
50 13702187550483671433
44 1874127464330995
46 44530559633731279
36 7168144230782
41 291224929935317
31 84153519785
20 5819514
24 62885728
49 505620443731086178
20 6274206
47 61029988411206871
33 121258351422
37 4382955111696
24 152118230
33 435934805298
34 309043988071
24 197137172
